4210,921.54,25000.00,446.01,873.94,498.82,0.00,921.54,25000.00,446.01,873.94,498.82,0.00,921.54,25000.00,446.01,873.94,498.82,0.00
4220,921.54,25000.00,446.01,873.94,498.82,0.00,921.54,25000.00,446.01,873.94,498.82,0.00,921.54,25000.00,446.01,873.94,498.82,0.00
4230,921.54,25000.00,446.01,873.94,498.82,0.00,921.54,25000.00,446.01,873.94,498.82,0.00,921.54,25000.00,446.01,873.94,498.82,0.00
4240,920.63,25000.00,445.36,872.52,498.57,0.00,917.89,25000.00,443.41,868.25,497.83,0.00,921.54,25000.00,446.01,873.94,498.82,0.00
4250,921.54,25000.00,446.01,873.94,498.82,0.00,921.54,25000.00,446.01,873.94,498.82,0.00,921.54,25000.00,446.01,873.94,498.82,0.00
4260,921.54,25000.00,446.01,873.94,498.82,0.00,921.54,25000.00,446.01,873.94,498.82,0.00,921.54,25000.00,446.01,873.94,498.82,0.00
4270,921.54,25000.00,446.01,873.94,498.82,0.00,921.54,25000.00,446.01,873.94,498.82,0.00,921.54,25000.00,446.01,873.94,498.82,0.00
4280,921.54,25000.00,446.01,873.94,498.82,0.00,921.54,25000.00,446.01,873.94,498.82,0.00,921.54,25000.00,446.01,873.94,498.82,0.00
4290,921.54,25000.00,446.01,873.94,498.82,0.00,921.54,25000.00,446.01,873.94,498.82,0.00,921.54,25000.00,446.01,873.94,498.82,0.00
4300,921.54,25000.00,446.01,873.94,498.82,0.00,921.54,25000.00,446.01,873.94,498.82,0.00,921.54,25000.00,446.01,873.94,498.82,0.00
4310,921.54,25000.00,446.01,873.94,498.82,0.00,921.54,25000.00,446.01,873.94,498.82,0.00,921.54,25000.00,446.01,873.94,498.82,0.00
4320,921.54,25000.00,446.01,873.94,498.82,0.00,921.54,25000.00,446.01,873.94,498.82,0.00,921.54,25000.00,446.01,873.94,498.82,0.00
4330,920.63,25000.00,445.36,872.52,498.57,0.00,917.89,25000.00,443.41,868.25,497.83,0.00,921.54,25000.00,446.01,873.94,498.82,0.00
4340,919.72,25000.00,444.71,871.10,498.32,0.00,917.89,25000.00,443.41,868.25,497.83,0.00,921.54,25000.00,446.01,873.94,498.82,0.00
4350,918.80,25000.00,444.06,869.67,498.08,0.00,917.89,25000.00,443.41,868.25,497.83,0.00,921.54,25000.00,446.01,873.94,498.82,0.00
4360,920.63,25000.00,446.01,873.94,498.57,0.00,917.89,25000.00,446.01,873.94,497.83,0.00,921.54,25000.00,446.01,873.94,498.82,0.00
4370,919.72,25000.00,444.71,871.10,498.32,0.00,917.89,25000.00,443.41,868.25,497.83,0.00,921.54,25000.00,446.01,873.94,498.82,0.00
4380,919.72,25000.00,444.71,871.10,498.32,0.00,917.89,25000.00,443.41,868.25,497.83,0.00,921.54,25000.00,446.01,873.94,498.82,0.00
4390,918.80,25000.00,444.06,869.67,498.08,0.00,917.89,25000.00,443.41,868.25,497.83,0.00,921.54,25000.00,446.01,873.94,498.82,0.00
4400,919.72,25000.00,444.71,871.10,498.32,0.00,917.89,25000.00,443.41,868.25,497.83,0.00,921.54,25000.00,446.01,873.94,498.82,0.00
4410,918.80,25000.00,444.06,869.67,498.08,0.00,917.89,25000.00,443.41,868.25,497.83,0.00,921.54,25000.00,446.01,873.94,498.82,0.00
4420,918.80,25000.00,444.06,869.67,498.08,0.00,917.89,25000.00,443.41,868.25,497.83,0.00,921.54,25000.00,446.01,873.94,498.82,0.00
4430,917.89,25000.00,443.41,868.25,497.83,0.00,917.89,25000.00,443.41,868.25,497.83,0.00,917.89,25000.00,443.41,868.25,497.83,0.00
4440,917.89,25000.00,443.41,868.25,497.83,0.00,917.89,25000.00,443.41,868.25,497.83,0.00,917.89,25000.00,443.41,868.25,497.83,0.00
4450,917.89,25000.00,443.41,868.25,497.83,0.00,917.89,25000.00,443.41,868.25,497.83,0.00,917.89,25000.00,443.41,868.25,497.83,0.00
4460,917.89,25000.00,443.41,868.25,497.83,0.00,917.89,25000.00,443.41,868.25,497.83,0.00,917.89,25000.00,443.41,868.25,497.83,0.00
4470,918.80,25000.00,444.06,869.67,498.08,0.00,917.89,25000.00,443.41,868.25,497.83,0.00,921.54,25000.00,446.01,873.94,498.82,0.00
4480,917.89,25000.00,443.41,868.25,497.83,0.00,917.89,25000.00,443.41,868.25,497.83,0.00,917.89,25000.00,443.41,868.25,497.83,0.00
4490,917.89,25000.00,443.41,868.25,497.83,0.00,917.89,25000.00,443.41,868.25,497.83,0.00,917.89,25000.00,443.41,868.25,497.83,0.00
4500,917.89,25000.00,443.41,868.25,497.83,0.00,917.89,25000.00,443.41,868.25,497.83,0.00,917.89,25000.00,443.41,868.25,497.83,0.00
4510,917.89,25000.00,443.41,868.25,497.83,0.00,917.89,25000.00,443.41,868.25,497.83,0.00,917.89,25000.00,443.41,868.25,497.83,0.00
4520,918.80,25000.00,444.06,869.67,498.08,0.00,917.89,25000.00,443.41,868.25,497.83,0.00,921.54,25000.00,446.01,873.94,498.82,0.00
4530,917.89,25000.00,443.41,868.25,497.83,0.00,917.89,25000.00,443.41,868.25,497.83,0.00,917.89,25000.00,443.41,868.25,497.83,0.00
4540,917.89,25000.00,443.41,868.25,497.83,0.00,917.89,25000.00,443.41,868.25,497.83,0.00,917.89,25000.00,443.41,868.25,497.83,0.00
4550,917.89,25000.00,443.41,868.25,497.83,0.00,917.89,25000.00,443.41,868.25,497.83,0.00,917.89,25000.00,443.41,868.25,497.83,0.00
4560,917.89,25000.00,443.41,868.25,497.83,0.00,917.89,25000.00,443.41,868.25,497.83,0.00,917.89,25000.00,443.41,868.25,497.83,0.00
4570,917.89,25000.00,443.41,868.25,497.83,0.00,917.89,25000.00,443.41,868.25,497.83,0.00,917.89,25000.00,443.41,868.25,497.83,0.00
3880,925.20,25000.00,448.60,879.63,499.80,0.00,925.20,25000.00,448.60,879.63,499.80,0.00,925.20,25000.00,448.60,879.63,499.80,0.00
3890,925.20,25000.00,448.60,879.63,499.61,0.00,921.54,25000.00,446.01,873.94,498.82,0.00,928.85,25000.00,451.20,885.32,500.00,0.00
3900,924.28,25000.00,447.95,878.21,499.56,0.00,921.54,25000.00,446.01,873.94,498.82,0.00,925.20,25000.00,448.60,879.63,499.80,0.00
3910,925.20,25000.00,448.60,879.63,499.80,0.00,925.20,25000.00,448.60,879.63,499.80,0.00,925.20,25000.00,448.60,879.63,499.80,0.00
3920,925.20,25000.00,448.60,879.63,499.80,0.00,925.20,25000.00,448.60,879.63,499.80,0.00,925.20,25000.00,448.60,879.63,499.80,0.00
3930,926.11,25000.00,449.25,881.05,499.85,0.00,925.20,25000.00,448.60,879.63,499.80,0.00,928.85,25000.00,451.20,885.32,500.00,0.00
3940,924.28,25000.00,447.95,878.21,499.36,0.00,921.54,25000.00,446.01,873.94,498.82,0.00,928.85,25000.00,451.20,885.32,500.00,0.00
3950,922.46,25000.00,446.66,875.36,499.06,0.00,921.54,25000.00,446.01,873.94,498.82,0.00,925.20,25000.00,448.60,879.63,499.80,0.00
3960,922.46,25000.00,446.66,875.36,499.06,0.00,921.54,25000.00,446.01,873.94,498.82,0.00,925.20,25000.00,448.60,879.63,499.80,0.00
3970,921.54,25000.00,446.01,873.94,498.82,0.00,921.54,25000.00,446.01,873.94,498.82,0.00,921.54,25000.00,446.01,873.94,498.82,0.00
3980,921.54,25000.00,446.01,873.94,498.82,0.00,921.54,25000.00,446.01,873.94,498.82,0.00,921.54,25000.00,446.01,873.94,498.82,0.00
3990,922.46,25000.00,446.66,875.36,499.06,0.00,921.54,25000.00,446.01,873.94,498.82,0.00,925.20,25000.00,448.60,879.63,499.80,0.00
4000,921.54,25000.00,446.01,873.94,498.82,0.00,921.54,25000.00,446.01,873.94,498.82,0.00,921.54,25000.00,446.01,873.94,498.82,0.00
4010,921.54,25000.00,446.01,873.94,498.82,0.00,921.54,25000.00,446.01,873.94,498.82,0.00,921.54,25000.00,446.01,873.94,498.82,0.00
4020,921.54,25000.00,446.01,873.94,498.82,0.00,921.54,25000.00,446.01,873.94,498.82,0.00,921.54,25000.00,446.01,873.94,498.82,0.00
4030,921.54,25000.00,446.01,873.94,498.82,0.00,921.54,25000.00,446.01,873.94,498.82,0.00,921.54,25000.00,446.01,873.94,498.82,0.00
4040,921.54,25000.00,446.01,873.94,498.82,0.00,921.54,25000.00,446.01,873.94,498.82,0.00,921.54,25000.00,446.01,873.94,498.82,0.00
4050,921.54,25000.00,446.01,873.94,498.82,0.00,921.54,25000.00,446.01,873.94,498.82,0.00,921.54,25000.00,446.01,873.94,498.82,0.00
4060,921.54,25000.00,446.01,873.94,498.82,0.00,921.54,25000.00,446.01,873.94,498.82,0.00,921.54,25000.00,446.01,873.94,498.82,0.00
4070,921.54,25000.00,446.01,873.94,498.82,0.00,921.54,25000.00,446.01,873.94,498.82,0.00,921.54,25000.00,446.01,873.94,498.82,0.00
4080,921.54,25000.00,446.01,873.94,498.82,0.00,921.54,25000.00,446.01,873.94,498.82,0.00,921.54,25000.00,446.01,873.94,498.82,0.00
4090,921.54,25000.00,446.66,875.36,499.06,0.00,921.54,25000.00,446.01,873.94,498.82,0.00,921.54,25000.00,448.60,879.63,499.80,0.00
4100,921.54,25000.00,446.01,873.94,498.82,0.00,921.54,25000.00,446.01,873.94,498.82,0.00,921.54,25000.00,446.01,873.94,498.82,0.00
4110,921.54,25000.00,446.01,873.94,498.82,0.00,921.54,25000.00,446.01,873.94,498.82,0.00,921.54,25000.00,446.01,873.94,498.82,0.00
4120,921.54,25000.00,446.01,873.94,498.82,0.00,921.54,25000.00,446.01,873.94,498.82,0.00,921.54,25000.00,446.01,873.94,498.82,0.00
4130,921.54,25000.00,446.01,873.94,498.82,0.00,921.54,25000.00,446.01,873.94,498.82,0.00,921.54,25000.00,446.01,873.94,498.82,0.00
4140,921.54,25000.00,446.01,873.94,498.82,0.00,921.54,25000.00,446.01,873.94,498.82,0.00,921.54,25000.00,446.01,873.94,498.82,0.00
4150,921.54,25000.00,446.01,873.94,498.82,0.00,921.54,25000.00,446.01,873.94,498.82,0.00,921.54,25000.00,446.01,873.94,498.82,0.00
4160,921.54,25000.00,446.01,873.94,498.82,0.00,921.54,25000.00,446.01,873.94,498.82,0.00,921.54,25000.00,446.01,873.94,498.82,0.00
4170,921.54,25000.00,446.01,873.94,498.82,0.00,921.54,25000.00,446.01,873.94,498.82,0.00,921.54,25000.00,446.01,873.94,498.82,0.00
4180,921.54,25000.00,446.01,873.94,498.82,0.00,921.54,25000.00,446.01,873.94,498.82,0.00,921.54,25000.00,446.01,873.94,498.82,0.00
4190,921.54,25000.00,446.01,873.94,498.82,0.00,921.54,25000.00,446.01,873.94,498.82,0.00,921.54,25000.00,446.01,873.94,498.82,0.00
4200,921.54,25000.00,446.01,873.94,498.82,0.00,921.54,25000.00,446.01,873.94,498.82,0.00,921.54,25000.00,446.01,873.94,498.82,0.00
3560,927.02,25000.00,449.90,882.48,499.90,0.00,925.20,25000.00,448.60,879.63,499.80,0.00,928.85,25000.00,451.20,885.32,500.00,0.00
3570,926.11,25000.00,449.25,881.05,499.85,0.00,925.20,25000.00,448.60,879.63,499.80,0.00,928.85,25000.00,451.20,885.32,500.00,0.00
3580,925.20,25000.00,448.60,879.63,499.80,0.00,925.20,25000.00,448.60,879.63,499.80,0.00,925.20,25000.00,448.60,879.63,499.80,0.00
3590,925.20,25000.00,448.60,879.63,499.80,0.00,925.20,25000.00,448.60,879.63,499.80,0.00,925.20,25000.00,448.60,879.63,499.80,0.00
3600,925.20,25000.00,448.60,879.63,499.80,0.00,925.20,25000.00,448.60,879.63,499.80,0.00,925.20,25000.00,448.60,879.63,499.80,0.00
3610,925.20,25000.00,448.60,879.63,499.80,0.00,925.20,25000.00,448.60,879.63,499.80,0.00,925.20,25000.00,448.60,879.63,499.80,0.00
3620,925.20,25000.00,448.60,879.63,499.80,0.00,925.20,25000.00,448.60,879.63,499.80,0.00,925.20,25000.00,448.60,879.63,499.80,0.00
3630,926.11,25000.00,449.25,881.05,499.85,0.00,925.20,25000.00,448.60,879.63,499.80,0.00,928.85,25000.00,451.20,885.32,500.00,0.00
3640,925.20,25000.00,448.60,879.63,499.80,0.00,925.20,25000.00,448.60,879.63,499.80,0.00,925.20,25000.00,448.60,879.63,499.80,0.00
3650,925.20,25000.00,448.60,879.63,499.80,0.00,925.20,25000.00,448.60,879.63,499.80,0.00,925.20,25000.00,448.60,879.63,499.80,0.00
3660,925.20,25000.00,448.60,879.63,499.80,0.00,925.20,25000.00,448.60,879.63,499.80,0.00,925.20,25000.00,448.60,879.63,499.80,0.00
3670,925.20,25000.00,448.60,879.63,499.80,0.00,925.20,25000.00,448.60,879.63,499.80,0.00,925.20,25000.00,448.60,879.63,499.80,0.00
3680,925.20,25000.00,448.60,879.63,499.80,0.00,925.20,25000.00,448.60,879.63,499.80,0.00,925.20,25000.00,448.60,879.63,499.80,0.00
3690,925.20,25000.00,448.60,879.63,499.80,0.00,925.20,25000.00,448.60,879.63,499.80,0.00,925.20,25000.00,448.60,879.63,499.80,0.00
3700,925.20,25000.00,448.60,879.63,499.80,0.00,925.20,25000.00,448.60,879.63,499.80,0.00,925.20,25000.00,448.60,879.63,499.80,0.00
3710,925.20,25000.00,448.60,879.63,499.80,0.00,925.20,25000.00,448.60,879.63,499.80,0.00,925.20,25000.00,448.60,879.63,499.80,0.00
3720,925.20,25000.00,448.60,879.63,499.80,0.00,925.20,25000.00,448.60,879.63,499.80,0.00,925.20,25000.00,448.60,879.63,499.80,0.00
3730,925.20,25000.00,448.60,879.63,499.80,0.00,925.20,25000.00,448.60,879.63,499.80,0.00,925.20,25000.00,448.60,879.63,499.80,0.00
3740,925.20,25000.00,448.60,879.63,499.80,0.00,925.20,25000.00,448.60,879.63,499.80,0.00,925.20,25000.00,448.60,879.63,499.80,0.00
3750,925.20,25000.00,448.60,879.63,499.80,0.00,925.20,25000.00,448.60,879.63,499.80,0.00,925.20,25000.00,448.60,879.63,499.80,0.00
3760,925.20,25000.00,448.60,879.63,499.80,0.00,925.20,25000.00,448.60,879.63,499.80,0.00,925.20,25000.00,448.60,879.63,499.80,0.00
3770,925.20,25000.00,448.60,879.63,499.80,0.00,925.20,25000.00,448.60,879.63,499.80,0.00,925.20,25000.00,448.60,879.63,499.80,0.00
3780,925.20,25000.00,448.60,879.63,499.80,0.00,925.20,25000.00,448.60,879.63,499.80,0.00,925.20,25000.00,448.60,879.63,499.80,0.00
3790,925.20,25000.00,448.60,879.63,499.80,0.00,925.20,25000.00,448.60,879.63,499.80,0.00,925.20,25000.00,448.60,879.63,499.80,0.00
3800,925.20,25000.00,448.60,879.63,499.80,0.00,925.20,25000.00,448.60,879.63,499.80,0.00,925.20,25000.00,448.60,879.63,499.80,0.00
3810,925.20,25000.00,448.60,879.63,499.80,0.00,925.20,25000.00,448.60,879.63,499.80,0.00,925.20,25000.00,448.60,879.63,499.80,0.00
3820,925.20,25000.00,448.60,879.63,499.80,0.00,925.20,25000.00,448.60,879.63,499.80,0.00,925.20,25000.00,448.60,879.63,499.80,0.00
3830,925.20,25000.00,448.60,879.63,499.80,0.00,925.20,25000.00,448.60,879.63,499.80,0.00,925.20,25000.00,448.60,879.63,499.80,0.00
3840,924.28,25000.00,447.95,878.21,499.56,0.00,921.54,25000.00,446.01,873.94,498.82,0.00,925.20,25000.00,448.60,879.63,499.80,0.00
3850,926.11,25000.00,449.25,881.05,499.85,0.00,925.20,25000.00,448.60,879.63,499.80,0.00,928.85,25000.00,451.20,885.32,500.00,0.00
3860,925.20,25000.00,448.60,879.63,499.80,0.00,925.20,25000.00,448.60,879.63,499.80,0.00,925.20,25000.00,448.60,879.63,499.80,0.00
3870,924.28,25000.00,447.95,878.21,499.56,0.00,921.54,25000.00,446.01,873.94,498.82,0.00,925.20,25000.00,448.60,879.63,499.80,0.00
3880,925.20,25000.00,448.60,879.63,499.80,0.00,925.20,25000.00,448.60,879.63,499.80,0.00,925.20,25000.00,448.60,879.63,499.80,0.00
3240,932.50,25000.00,453.79,891.01,500.00,0.00,932.50,25000.00,453.79,891.01,500.00,0.00,932.50,25000.00,453.79,891.01,500.00,0.00
3250,929.76,25000.00,451.85,886.74,500.00,0.00,928.85,25000.00,451.20,885.32,500.00,0.00,932.50,25000.00,453.79,891.01,500.00,0.00
3260,931.59,25000.00,453.15,889.59,500.00,0.00,928.85,25000.00,451.20,885.32,500.00,0.00,932.50,25000.00,453.79,891.01,500.00,0.00
3270,930.67,25000.00,452.50,888.17,500.00,0.00,928.85,25000.00,451.20,885.32,500.00,0.00,932.50,25000.00,453.79,891.01,500.00,0.00
3280,930.67,25000.00,452.50,888.17,500.00,0.00,928.85,25000.00,451.20,885.32,500.00,0.00,932.50,25000.00,453.79,891.01,500.00,0.00
3290,929.76,25000.00,451.85,886.74,500.00,0.00,928.85,25000.00,451.20,885.32,500.00,0.00,932.50,25000.00,453.79,891.01,500.00,0.00
3300,929.76,25000.00,451.85,886.74,500.00,0.00,928.85,25000.00,451.20,885.32,500.00,0.00,932.50,25000.00,453.79,891.01,500.00,0.00
3310,928.85,25000.00,451.20,885.32,500.00,0.00,928.85,25000.00,451.20,885.32,500.00,0.00,928.85,25000.00,451.20,885.32,500.00,0.00
3320,930.67,25000.00,452.50,888.17,500.00,0.00,928.85,25000.00,451.20,885.32,500.00,0.00,932.50,25000.00,453.79,891.01,500.00,0.00
3330,930.67,25000.00,452.50,888.17,500.00,0.00,928.85,25000.00,451.20,885.32,500.00,0.00,932.50,25000.00,453.79,891.01,500.00,0.00
3340,929.76,25000.00,451.85,886.74,500.00,0.00,928.85,25000.00,451.20,885.32,500.00,0.00,932.50,25000.00,453.79,891.01,500.00,0.00
3350,928.85,25000.00,451.20,885.32,500.00,0.00,928.85,25000.00,451.20,885.32,500.00,0.00,928.85,25000.00,451.20,885.32,500.00,0.00
3360,930.67,25000.00,452.50,888.17,500.00,0.00,928.85,25000.00,451.20,885.32,500.00,0.00,932.50,25000.00,453.79,891.01,500.00,0.00
3370,928.85,25000.00,451.20,885.32,500.00,0.00,928.85,25000.00,451.20,885.32,500.00,0.00,928.85,25000.00,451.20,885.32,500.00,0.00
3380,928.85,25000.00,451.20,885.32,500.00,0.00,928.85,25000.00,451.20,885.32,500.00,0.00,928.85,25000.00,451.20,885.32,500.00,0.00
3390,927.93,25000.00,450.55,883.90,499.95,0.00,925.20,25000.00,448.60,879.63,499.80,0.00,928.85,25000.00,451.20,885.32,500.00,0.00
3400,927.02,25000.00,449.90,882.48,499.90,0.00,925.20,25000.00,448.60,879.63,499.80,0.00,928.85,25000.00,451.20,885.32,500.00,0.00
3410,927.93,25000.00,450.55,883.90,499.95,0.00,925.20,25000.00,448.60,879.63,499.80,0.00,928.85,25000.00,451.20,885.32,500.00,0.00
3420,927.93,25000.00,450.55,883.90,499.95,0.00,925.20,25000.00,448.60,879.63,499.80,0.00,928.85,25000.00,451.20,885.32,500.00,0.00
3430,928.85,25000.00,451.20,885.32,500.00,0.00,928.85,25000.00,451.20,885.32,500.00,0.00,928.85,25000.00,451.20,885.32,500.00,0.00
3440,927.93,25000.00,450.55,883.90,499.95,0.00,925.20,25000.00,448.60,879.63,499.80,0.00,928.85,25000.00,451.20,885.32,500.00,0.00
3450,927.93,25000.00,450.55,883.90,499.95,0.00,925.20,25000.00,448.60,879.63,499.80,0.00,928.85,25000.00,451.20,885.32,500.00,0.00
3460,928.85,25000.00,451.20,885.32,500.00,0.00,928.85,25000.00,451.20,885.32,500.00,0.00,928.85,25000.00,451.20,885.32,500.00,0.00
3470,927.93,25000.00,450.55,883.90,499.95,0.00,925.20,25000.00,448.60,879.63,499.80,0.00,928.85,25000.00,451.20,885.32,500.00,0.00
3480,927.93,25000.00,450.55,883.90,499.95,0.00,925.20,25000.00,448.60,879.63,499.80,0.00,928.85,25000.00,451.20,885.32,500.00,0.00
3490,927.02,25000.00,449.90,882.48,499.90,0.00,925.20,25000.00,448.60,879.63,499.80,0.00,928.85,25000.00,451.20,885.32,500.00,0.00
3500,927.02,25000.00,449.90,882.48,499.90,0.00,925.20,25000.00,448.60,879.63,499.80,0.00,928.85,25000.00,451.20,885.32,500.00,0.00
3510,927.93,25000.00,450.55,883.90,499.95,0.00,925.20,25000.00,448.60,879.63,499.80,0.00,928.85,25000.00,451.20,885.32,500.00,0.00
3520,926.11,25000.00,449.25,881.05,499.85,0.00,925.20,25000.00,448.60,879.63,499.80,0.00,928.85,25000.00,451.20,885.32,500.00,0.00
3530,926.11,25000.00,449.25,881.05,499.85,0.00,925.20,25000.00,448.60,879.63,499.80,0.00,928.85,25000.00,451.20,885.32,500.00,0.00
3540,927.02,25000.00,449.90,882.48,499.90,0.00,925.20,25000.00,448.60,879.63,499.80,0.00,928.85,25000.00,451.20,885.32,500.00,0.00
3550,926.11,25000.00,449.25,881.05,499.85,0.00,925.20,25000.00,448.60,879.63,499.80,0.00,928.85,25000.00,451.20,885.32,500.00,0.00
2900,932.50,25000.00,453.79,891.01,500.00,0.00,932.50,25000.00,453.79,891.01,500.00,0.00,932.50,25000.00,453.79,891.01,500.00,0.00
2910,932.50,25000.00,453.79,891.01,500.00,0.00,932.50,25000.00,453.79,891.01,500.00,0.00,932.50,25000.00,453.79,891.01,500.00,0.00
2920,932.50,25000.00,453.79,891.01,500.00,0.00,932.50,25000.00,453.79,891.01,500.00,0.00,932.50,25000.00,453.79,891.01,500.00,0.00
2930,931.59,25000.00,453.15,889.59,500.00,0.00,928.85,25000.00,451.20,885.32,500.00,0.00,932.50,25000.00,453.79,891.01,500.00,0.00
2940,932.50,25000.00,453.79,891.01,500.00,0.00,932.50,25000.00,453.79,891.01,500.00,0.00,932.50,25000.00,453.79,891.01,500.00,0.00
2950,932.50,25000.00,453.79,891.01,500.00,0.00,932.50,25000.00,453.79,891.01,500.00,0.00,932.50,25000.00,453.79,891.01,500.00,0.00
2960,932.50,25000.00,453.79,891.01,500.00,0.00,932.50,25000.00,453.79,891.01,500.00,0.00,932.50,25000.00,453.79,891.01,500.00,0.00
2970,932.50,25000.00,453.79,891.01,500.00,0.00,932.50,25000.00,453.79,891.01,500.00,0.00,932.50,25000.00,453.79,891.01,500.00,0.00
2980,931.59,25000.00,453.15,889.59,500.00,0.00,928.85,25000.00,451.20,885.32,500.00,0.00,932.50,25000.00,453.79,891.01,500.00,0.00
2990,932.50,25000.00,453.79,891.01,500.00,0.00,928.85,25000.00,451.20,885.32,500.00,0.00,936.15,25000.00,456.39,896.70,500.00,0.00
3000,932.50,25000.00,453.79,891.01,500.00,0.00,932.50,25000.00,453.79,891.01,500.00,0.00,932.50,25000.00,453.79,891.01,500.00,0.00
3010,930.67,25000.00,452.50,888.17,500.00,0.00,928.85,25000.00,451.20,885.32,500.00,0.00,932.50,25000.00,453.79,891.01,500.00,0.00
3020,931.59,25000.00,453.15,889.59,500.00,0.00,928.85,25000.00,451.20,885.32,500.00,0.00,932.50,25000.00,453.79,891.01,500.00,0.00
3030,933.41,25000.00,454.44,892.43,500.00,0.00,932.50,25000.00,453.79,891.01,500.00,0.00,936.15,25000.00,456.39,896.70,500.00,0.00
3040,932.50,25000.00,453.79,891.01,500.00,0.00,932.50,25000.00,453.79,891.01,500.00,0.00,932.50,25000.00,453.79,891.01,500.00,0.00
3050,932.50,25000.00,453.79,891.01,500.00,0.00,928.85,25000.00,451.20,885.32,500.00,0.00,936.15,25000.00,456.39,896.70,500.00,0.00
3060,930.67,25000.00,452.50,888.17,500.00,0.00,928.85,25000.00,451.20,885.32,500.00,0.00,932.50,25000.00,453.79,891.01,500.00,0.00
3070,932.50,25000.00,453.79,891.01,500.00,0.00,928.85,25000.00,451.20,885.32,500.00,0.00,936.15,25000.00,456.39,896.70,500.00,0.00
3080,931.59,25000.00,453.15,889.59,500.00,0.00,928.85,25000.00,451.20,885.32,500.00,0.00,932.50,25000.00,453.79,891.01,500.00,0.00
3090,930.67,25000.00,452.50,888.17,500.00,0.00,928.85,25000.00,451.20,885.32,500.00,0.00,932.50,25000.00,453.79,891.01,500.00,0.00
3100,932.50,25000.00,453.79,891.01,500.00,0.00,928.85,25000.00,451.20,885.32,500.00,0.00,936.15,25000.00,456.39,896.70,500.00,0.00
3110,933.41,25000.00,454.44,892.43,500.00,0.00,932.50,25000.00,453.79,891.01,500.00,0.00,936.15,25000.00,456.39,896.70,500.00,0.00
3120,931.59,25000.00,453.15,889.59,500.00,0.00,928.85,25000.00,451.20,885.32,500.00,0.00,932.50,25000.00,453.79,891.01,500.00,0.00
3130,931.59,25000.00,453.15,889.59,500.00,0.00,928.85,25000.00,451.20,885.32,500.00,0.00,936.15,25000.00,456.39,896.70,500.00,0.00
3140,932.50,25000.00,453.79,891.01,500.00,0.00,932.50,25000.00,451.20,885.32,500.00,0.00,932.50,25000.00,456.39,896.70,500.00,0.00
3150,931.59,25000.00,453.15,889.59,500.00,0.00,928.85,25000.00,451.20,885.32,500.00,0.00,936.15,25000.00,456.39,896.70,500.00,0.00
3160,930.67,25000.00,452.50,888.17,500.00,0.00,928.85,25000.00,451.20,885.32,500.00,0.00,932.50,25000.00,453.79,891.01,500.00,0.00
3170,931.59,25000.00,453.15,888.17,500.00,0.00,928.85,25000.00,451.20,885.32,500.00,0.00,936.15,25000.00,456.39,896.70,500.00,0.00
3180,932.50,25000.00,453.79,891.01,500.00,0.00,932.50,25000.00,453.79,891.01,500.00,0.00,932.50,25000.00,453.79,891.01,500.00,0.00
3190,932.50,25000.00,453.79,891.01,500.00,0.00,928.85,25000.00,451.20,885.32,500.00,0.00,936.15,25000.00,456.39,896.70,500.00,0.00
3200,931.59,25000.00,453.15,889.59,500.00,0.00,928.85,25000.00,451.20,885.32,500.00,0.00,932.50,25000.00,453.79,891.01,500.00,0.00
3210,930.67,25000.00,452.50,888.17,500.00,0.00,928.85,25000.00,451.20,885.32,500.00,0.00,932.50,25000.00,453.79,891.01,500.00,0.00
3220,931.59,25000.00,453.15,889.59,500.00,0.00,928.85,25000.00,451.20,885.32,500.00,0.00,932.50,25000.00,453.79,891.01,500.00,0.00
3230,930.67,25000.00,452.50,888.17,500.00,0.00,928.85,25000.00,451.20,885.32,500.00,0.00,932.50,25000.00,453.79,891.01,500.00,0.00
2560,936.15,25000.00,456.39,896.70,500.00,0.00,936.15,25000.00,456.39,896.70,500.00,0.00,936.15,25000.00,456.39,896.70,500.00,0.00
2570,936.15,25000.00,456.39,896.70,500.00,0.00,936.15,25000.00,456.39,896.70,500.00,0.00,936.15,25000.00,456.39,896.70,500.00,0.00
2580,936.15,25000.00,456.39,896.70,500.00,0.00,936.15,25000.00,456.39,896.70,500.00,0.00,936.15,25000.00,456.39,896.70,500.00,0.00
2590,936.15,25000.00,456.39,896.70,500.00,0.00,936.15,25000.00,456.39,896.70,500.00,0.00,936.15,25000.00,456.39,896.70,500.00,0.00
2600,936.15,25000.00,456.39,896.70,500.00,0.00,936.15,25000.00,456.39,896.70,500.00,0.00,936.15,25000.00,456.39,896.70,500.00,0.00
2610,936.15,25000.00,456.39,896.70,500.00,0.00,936.15,25000.00,456.39,896.70,500.00,0.00,936.15,25000.00,456.39,896.70,500.00,0.00
2620,936.15,25000.00,456.39,896.70,500.00,0.00,936.15,25000.00,456.39,896.70,500.00,0.00,936.15,25000.00,456.39,896.70,500.00,0.00
2630,936.15,25000.00,456.39,896.70,500.00,0.00,936.15,25000.00,456.39,896.70,500.00,0.00,936.15,25000.00,456.39,896.70,500.00,0.00
2640,936.15,25000.00,456.39,896.70,500.00,0.00,936.15,25000.00,456.39,896.70,500.00,0.00,936.15,25000.00,456.39,896.70,500.00,0.00
2650,937.07,25000.00,457.04,898.12,500.00,0.00,936.15,25000.00,456.39,896.70,500.00,0.00,939.81,25000.00,458.98,902.39,500.00,0.00
2660,936.15,25000.00,456.39,896.70,500.00,0.00,936.15,25000.00,456.39,896.70,500.00,0.00,936.15,25000.00,456.39,896.70,500.00,0.00
2670,935.24,25000.00,455.74,895.28,500.00,0.00,932.50,25000.00,453.79,891.01,500.00,0.00,936.15,25000.00,456.39,896.70,500.00,0.00
2680,935.24,25000.00,455.74,895.28,500.00,0.00,932.50,25000.00,453.79,891.01,500.00,0.00,936.15,25000.00,456.39,896.70,500.00,0.00
2690,935.24,25000.00,455.74,895.28,500.00,0.00,932.50,25000.00,453.79,891.01,500.00,0.00,936.15,25000.00,456.39,896.70,500.00,0.00
2700,936.15,25000.00,456.39,896.70,500.00,0.00,936.15,25000.00,456.39,896.70,500.00,0.00,936.15,25000.00,456.39,896.70,500.00,0.00
2710,933.41,25000.00,454.44,892.43,500.00,0.00,932.50,25000.00,453.79,891.01,500.00,0.00,936.15,25000.00,456.39,896.70,500.00,0.00
2720,933.41,25000.00,454.44,892.43,500.00,0.00,932.50,25000.00,453.79,891.01,500.00,0.00,936.15,25000.00,456.39,896.70,500.00,0.00
2730,933.41,25000.00,454.44,892.43,500.00,0.00,932.50,25000.00,453.79,891.01,500.00,0.00,936.15,25000.00,456.39,896.70,500.00,0.00
2740,933.41,25000.00,454.44,892.43,500.00,0.00,932.50,25000.00,453.79,891.01,500.00,0.00,936.15,25000.00,456.39,896.70,500.00,0.00
2750,933.41,25000.00,454.44,892.43,500.00,0.00,932.50,25000.00,453.79,891.01,500.00,0.00,936.15,25000.00,456.39,896.70,500.00,0.00
2760,932.50,25000.00,453.79,891.01,500.00,0.00,932.50,25000.00,453.79,891.01,500.00,0.00,932.50,25000.00,453.79,891.01,500.00,0.00
2770,932.50,25000.00,453.79,891.01,500.00,0.00,932.50,25000.00,453.79,891.01,500.00,0.00,932.50,25000.00,453.79,891.01,500.00,0.00
2780,932.50,25000.00,453.79,891.01,500.00,0.00,932.50,25000.00,453.79,891.01,500.00,0.00,932.50,25000.00,453.79,891.01,500.00,0.00
2790,932.50,25000.00,453.79,891.01,500.00,0.00,932.50,25000.00,453.79,891.01,500.00,0.00,932.50,25000.00,453.79,891.01,500.00,0.00
2800,932.50,25000.00,453.79,891.01,500.00,0.00,932.50,25000.00,453.79,891.01,500.00,0.00,932.50,25000.00,453.79,891.01,500.00,0.00
2810,932.50,25000.00,453.79,891.01,500.00,0.00,932.50,25000.00,453.79,891.01,500.00,0.00,932.50,25000.00,453.79,891.01,500.00,0.00
2820,932.50,25000.00,453.79,891.01,500.00,0.00,932.50,25000.00,453.79,891.01,500.00,0.00,932.50,25000.00,453.79,891.01,500.00,0.00
2830,932.50,25000.00,453.79,891.01,500.00,0.00,932.50,25000.00,453.79,891.01,500.00,0.00,932.50,25000.00,453.79,891.01,500.00,0.00
2840,932.50,25000.00,453.79,891.01,500.00,0.00,932.50,25000.00,453.79,891.01,500.00,0.00,932.50,25000.00,453.79,891.01,500.00,0.00
2850,932.50,25000.00,453.79,891.01,500.00,0.00,932.50,25000.00,453.79,891.01,500.00,0.00,932.50,25000.00,453.79,891.01,500.00,0.00
2860,932.50,25000.00,453.79,891.01,500.00,0.00,932.50,25000.00,453.79,891.01,500.00,0.00,932.50,25000.00,453.79,891.01,500.00,0.00
2870,933.41,25000.00,454.44,892.43,500.00,0.00,932.50,25000.00,453.79,891.01,500.00,0.00,936.15,25000.00,456.39,896.70,500.00,0.00
2880,932.50,25000.00,453.79,891.01,500.00,0.00,932.50,25000.00,453.79,891.01,500.00,0.00,932.50,25000.00,453.79,891.01,500.00,0.00
2890,932.50,25000.00,453.79,891.01,500.00,0.00,932.50,25000.00,453.79,891.01,500.00,0.00,932.50,25000.00,453.79,891.01,500.00,0.00
2230,937.07,25000.00,457.04,898.12,500.00,0.00,936.15,25000.00,456.39,896.70,500.00,0.00,939.81,25000.00,458.98,902.39,500.00,0.00
2240,937.07,25000.00,457.04,898.12,500.00,0.00,936.15,25000.00,456.39,896.70,500.00,0.00,939.81,25000.00,458.98,902.39,500.00,0.00
2250,937.07,25000.00,457.04,898.12,500.00,0.00,936.15,25000.00,456.39,896.70,500.00,0.00,939.81,25000.00,458.98,902.39,500.00,0.00
2260,936.15,25000.00,456.39,896.70,500.00,0.00,936.15,25000.00,456.39,896.70,500.00,0.00,936.15,25000.00,456.39,896.70,500.00,0.00
2270,936.15,25000.00,456.39,896.70,500.00,0.00,936.15,25000.00,456.39,896.70,500.00,0.00,936.15,25000.00,456.39,896.70,500.00,0.00
2280,936.15,25000.00,456.39,896.70,500.00,0.00,936.15,25000.00,456.39,896.70,500.00,0.00,936.15,25000.00,456.39,896.70,500.00,0.00
2290,936.15,25000.00,456.39,896.70,500.00,0.00,936.15,25000.00,456.39,896.70,500.00,0.00,936.15,25000.00,456.39,896.70,500.00,0.00
2300,937.98,25000.00,457.69,899.54,500.00,0.00,936.15,25000.00,456.39,896.70,500.00,0.00,939.81,25000.00,458.98,902.39,500.00,0.00
2310,937.07,25000.00,457.04,898.12,500.00,0.00,936.15,25000.00,456.39,896.70,500.00,0.00,939.81,25000.00,458.98,902.39,500.00,0.00
2320,936.15,25000.00,456.39,896.70,500.00,0.00,936.15,25000.00,456.39,896.70,500.00,0.00,936.15,25000.00,456.39,896.70,500.00,0.00
2330,936.15,25000.00,456.39,896.70,500.00,0.00,936.15,25000.00,456.39,896.70,500.00,0.00,936.15,25000.00,456.39,896.70,500.00,0.00
2340,936.15,25000.00,456.39,896.70,500.00,0.00,936.15,25000.00,456.39,896.70,500.00,0.00,936.15,25000.00,456.39,896.70,500.00,0.00
2350,937.07,25000.00,457.04,898.12,500.00,0.00,936.15,25000.00,456.39,896.70,500.00,0.00,939.81,25000.00,458.98,902.39,500.00,0.00
2360,936.15,25000.00,456.39,896.70,500.00,0.00,936.15,25000.00,456.39,896.70,500.00,0.00,936.15,25000.00,456.39,896.70,500.00,0.00
2370,936.15,25000.00,456.39,896.70,500.00,0.00,936.15,25000.00,456.39,896.70,500.00,0.00,936.15,25000.00,456.39,896.70,500.00,0.00
2380,936.15,25000.00,456.39,896.70,500.00,0.00,936.15,25000.00,456.39,896.70,500.00,0.00,936.15,25000.00,456.39,896.70,500.00,0.00
2390,936.15,25000.00,456.39,896.70,500.00,0.00,936.15,25000.00,456.39,896.70,500.00,0.00,936.15,25000.00,456.39,896.70,500.00,0.00
2400,936.15,25000.00,456.39,896.70,500.00,0.00,936.15,25000.00,456.39,896.70,500.00,0.00,936.15,25000.00,456.39,896.70,500.00,0.00
2410,936.15,25000.00,456.39,896.70,500.00,0.00,936.15,25000.00,456.39,896.70,500.00,0.00,936.15,25000.00,456.39,896.70,500.00,0.00
2420,936.15,25000.00,456.39,896.70,500.00,0.00,936.15,25000.00,456.39,896.70,500.00,0.00,936.15,25000.00,456.39,896.70,500.00,0.00
2430,936.15,25000.00,456.39,896.70,500.00,0.00,936.15,25000.00,456.39,896.70,500.00,0.00,936.15,25000.00,456.39,896.70,500.00,0.00
2440,936.15,25000.00,456.39,896.70,500.00,0.00,936.15,25000.00,456.39,896.70,500.00,0.00,936.15,25000.00,456.39,896.70,500.00,0.00
2450,936.15,25000.00,456.39,896.70,500.00,0.00,936.15,25000.00,456.39,896.70,500.00,0.00,936.15,25000.00,456.39,896.70,500.00,0.00
2460,936.15,25000.00,456.39,896.70,500.00,0.00,936.15,25000.00,456.39,896.70,500.00,0.00,936.15,25000.00,456.39,896.70,500.00,0.00
2470,936.15,25000.00,456.39,896.70,500.00,0.00,936.15,25000.00,456.39,896.70,500.00,0.00,936.15,25000.00,456.39,896.70,500.00,0.00
2480,937.07,25000.00,457.04,898.12,500.00,0.00,936.15,25000.00,456.39,896.70,500.00,0.00,939.81,25000.00,458.98,902.39,500.00,0.00
2490,936.15,25000.00,456.39,896.70,500.00,0.00,936.15,25000.00,456.39,896.70,500.00,0.00,936.15,25000.00,456.39,896.70,500.00,0.00
2500,936.15,25000.00,456.39,896.70,500.00,0.00,936.15,25000.00,456.39,896.70,500.00,0.00,936.15,25000.00,456.39,896.70,500.00,0.00
2510,937.07,25000.00,457.04,898.12,500.00,0.00,936.15,25000.00,456.39,896.70,500.00,0.00,939.81,25000.00,458.98,902.39,500.00,0.00
2520,936.15,25000.00,456.39,896.70,500.00,0.00,936.15,25000.00,456.39,896.70,500.00,0.00,936.15,25000.00,456.39,896.70,500.00,0.00
2530,936.15,25000.00,456.39,896.70,500.00,0.00,936.15,25000.00,456.39,896.70,500.00,0.00,936.15,25000.00,456.39,896.70,500.00,0.00
2540,937.07,25000.00,457.04,898.12,500.00,0.00,936.15,25000.00,456.39,896.70,500.00,0.00,939.81,25000.00,458.98,902.39,500.00,0.00
2550,935.24,25000.00,455.74,895.28,500.00,0.00,932.50,25000.00,453.79,891.01,500.00,0.00,936.15,25000.00,456.39,896.70,500.00,0.00
1890,941.63,25000.00,460.28,905.23,500.00,0.00,939.81,25000.00,458.98,902.39,500.00,0.00,943.46,25000.00,461.58,908.08,500.00,0.00
1900,940.72,25000.00,459.63,903.81,500.00,0.00,939.81,25000.00,458.98,902.39,500.00,0.00,943.46,25000.00,461.58,908.08,500.00,0.00
1910,943.46,25000.00,461.58,908.08,500.00,0.00,943.46,25000.00,461.58,908.08,500.00,0.00,943.46,25000.00,461.58,908.08,500.00,0.00
1920,942.55,25000.00,460.93,906.66,500.00,0.00,939.81,25000.00,458.98,902.39,500.00,0.00,943.46,25000.00,461.58,908.08,500.00,0.00
1930,940.72,25000.00,459.63,903.81,500.00,0.00,939.81,25000.00,458.98,902.39,500.00,0.00,943.46,25000.00,461.58,908.08,500.00,0.00
1940,939.81,25000.00,458.98,902.39,500.00,0.00,939.81,25000.00,458.98,902.39,500.00,0.00,939.81,25000.00,458.98,902.39,500.00,0.00
1950,939.81,25000.00,458.98,902.39,500.00,0.00,939.81,25000.00,458.98,902.39,500.00,0.00,939.81,25000.00,458.98,902.39,500.00,0.00
1960,939.81,25000.00,458.98,902.39,500.00,0.00,939.81,25000.00,458.98,902.39,500.00,0.00,939.81,25000.00,458.98,902.39,500.00,0.00
1970,939.81,25000.00,458.98,902.39,500.00,0.00,939.81,25000.00,458.98,902.39,500.00,0.00,939.81,25000.00,458.98,902.39,500.00,0.00
1980,939.81,25000.00,458.98,902.39,500.00,0.00,939.81,25000.00,458.98,902.39,500.00,0.00,939.81,25000.00,458.98,902.39,500.00,0.00
1990,939.81,25000.00,458.98,902.39,500.00,0.00,939.81,25000.00,458.98,902.39,500.00,0.00,939.81,25000.00,458.98,902.39,500.00,0.00
2000,939.81,25000.00,458.98,902.39,500.00,0.00,939.81,25000.00,458.98,902.39,500.00,0.00,939.81,25000.00,458.98,902.39,500.00,0.00
2010,939.81,25000.00,458.98,902.39,500.00,0.00,939.81,25000.00,458.98,902.39,500.00,0.00,939.81,25000.00,458.98,902.39,500.00,0.00
2020,939.81,25000.00,458.98,902.39,500.00,0.00,939.81,25000.00,458.98,902.39,500.00,0.00,939.81,25000.00,458.98,902.39,500.00,0.00
2030,939.81,25000.00,458.98,902.39,500.00,0.00,939.81,25000.00,458.98,902.39,500.00,0.00,939.81,25000.00,458.98,902.39,500.00,0.00
2040,939.81,25000.00,458.98,902.39,500.00,0.00,939.81,25000.00,458.98,902.39,500.00,0.00,939.81,25000.00,458.98,902.39,500.00,0.00
2050,939.81,25000.00,458.98,902.39,500.00,0.00,939.81,25000.00,458.98,902.39,500.00,0.00,939.81,25000.00,458.98,902.39,500.00,0.00
2060,940.72,25000.00,459.63,903.81,500.00,0.00,939.81,25000.00,458.98,902.39,500.00,0.00,943.46,25000.00,461.58,908.08,500.00,0.00
2070,939.81,25000.00,458.98,902.39,500.00,0.00,939.81,25000.00,458.98,902.39,500.00,0.00,939.81,25000.00,458.98,902.39,500.00,0.00
2080,939.81,25000.00,458.98,902.39,500.00,0.00,939.81,25000.00,458.98,902.39,500.00,0.00,939.81,25000.00,458.98,902.39,500.00,0.00
2090,939.81,25000.00,458.98,902.39,500.00,0.00,939.81,25000.00,458.98,902.39,500.00,0.00,939.81,25000.00,458.98,902.39,500.00,0.00
2100,939.81,25000.00,458.98,902.39,500.00,0.00,939.81,25000.00,458.98,902.39,500.00,0.00,939.81,25000.00,458.98,902.39,500.00,0.00
2110,939.81,25000.00,458.98,902.39,500.00,0.00,939.81,25000.00,458.98,902.39,500.00,0.00,939.81,25000.00,458.98,902.39,500.00,0.00
2120,939.81,25000.00,458.98,902.39,500.00,0.00,939.81,25000.00,458.98,902.39,500.00,0.00,939.81,25000.00,458.98,902.39,500.00,0.00
2130,939.81,25000.00,458.98,902.39,500.00,0.00,939.81,25000.00,458.98,902.39,500.00,0.00,939.81,25000.00,458.98,902.39,500.00,0.00
2140,937.98,25000.00,457.69,899.54,500.00,0.00,936.15,25000.00,456.39,896.70,500.00,0.00,939.81,25000.00,458.98,902.39,500.00,0.00
2150,937.07,25000.00,457.69,899.54,500.00,0.00,936.15,25000.00,456.39,896.70,500.00,0.00,939.81,25000.00,458.98,902.39,500.00,0.00
2160,938.89,25000.00,458.34,900.97,500.00,0.00,936.15,25000.00,456.39,896.70,500.00,0.00,939.81,25000.00,458.98,902.39,500.00,0.00
2170,937.07,25000.00,457.04,898.12,500.00,0.00,936.15,25000.00,456.39,896.70,500.00,0.00,939.81,25000.00,458.98,902.39,500.00,0.00
2180,936.15,25000.00,456.39,896.70,500.00,0.00,936.15,25000.00,456.39,896.70,500.00,0.00,936.15,25000.00,456.39,896.70,500.00,0.00
2190,936.15,25000.00,456.39,896.70,500.00,0.00,936.15,25000.00,456.39,896.70,500.00,0.00,936.15,25000.00,456.39,896.70,500.00,0.00
2200,936.15,25000.00,456.39,896.70,500.00,0.00,936.15,25000.00,456.39,896.70,500.00,0.00,936.15,25000.00,456.39,896.70,500.00,0.00
2210,936.15,25000.00,456.39,896.70,500.00,0.00,936.15,25000.00,456.39,896.70,500.00,0.00,936.15,25000.00,456.39,896.70,500.00,0.00
2220,937.07,25000.00,457.04,898.12,500.00,0.00,936.15,25000.00,456.39,896.70,500.00,0.00,939.81,25000.00,458.98,902.39,500.00,0.00
1560,948.02,25000.00,464.82,915.19,500.00,0.00,947.11,25000.00,464.18,913.77,500.00,0.00,950.76,25000.00,466.77,919.46,500.00,0.00
1570,947.11,25000.00,464.18,913.77,500.00,0.00,947.11,25000.00,464.18,913.77,500.00,0.00,947.11,25000.00,464.18,913.77,500.00,0.00
1580,948.94,25000.00,465.47,916.61,500.00,0.00,947.11,25000.00,464.18,913.77,500.00,0.00,950.76,25000.00,466.77,919.46,500.00,0.00
1590,948.02,25000.00,464.82,915.19,500.00,0.00,947.11,25000.00,464.18,913.77,500.00,0.00,950.76,25000.00,466.77,919.46,500.00,0.00
1600,948.02,25000.00,464.82,915.19,500.00,0.00,947.11,25000.00,464.18,913.77,500.00,0.00,950.76,25000.00,466.77,919.46,500.00,0.00
1610,947.11,25000.00,464.18,913.77,500.00,0.00,947.11,25000.00,464.18,913.77,500.00,0.00,947.11,25000.00,464.18,913.77,500.00,0.00
1620,947.11,25000.00,464.18,913.77,500.00,0.00,947.11,25000.00,464.18,913.77,500.00,0.00,947.11,25000.00,464.18,913.77,500.00,0.00
1630,947.11,25000.00,464.18,913.77,500.00,0.00,947.11,25000.00,464.18,913.77,500.00,0.00,947.11,25000.00,464.18,913.77,500.00,0.00
1640,947.11,25000.00,464.18,913.77,500.00,0.00,943.46,25000.00,461.58,908.08,500.00,0.00,950.76,25000.00,466.77,919.46,500.00,0.00
1650,948.94,25000.00,465.47,916.61,500.00,0.00,947.11,25000.00,464.18,913.77,500.00,0.00,950.76,25000.00,466.77,919.46,500.00,0.00
1660,947.11,25000.00,463.53,912.35,500.00,0.00,947.11,25000.00,461.58,908.08,500.00,0.00,947.11,25000.00,464.18,913.77,500.00,0.00
1670,947.11,25000.00,464.18,913.77,500.00,0.00,947.11,25000.00,464.18,913.77,500.00,0.00,947.11,25000.00,464.18,913.77,500.00,0.00
1680,947.11,25000.00,464.18,913.77,500.00,0.00,947.11,25000.00,464.18,913.77,500.00,0.00,947.11,25000.00,464.18,913.77,500.00,0.00
1690,947.11,25000.00,464.18,913.77,500.00,0.00,943.46,25000.00,461.58,908.08,500.00,0.00,950.76,25000.00,466.77,919.46,500.00,0.00
1700,946.20,25000.00,463.53,912.35,500.00,0.00,943.46,25000.00,461.58,908.08,500.00,0.00,947.11,25000.00,464.18,913.77,500.00,0.00
1710,945.28,25000.00,462.88,910.92,500.00,0.00,943.46,25000.00,461.58,908.08,500.00,0.00,947.11,25000.00,464.18,913.77,500.00,0.00
1720,943.46,25000.00,461.58,908.08,500.00,0.00,943.46,25000.00,461.58,908.08,500.00,0.00,943.46,25000.00,461.58,908.08,500.00,0.00
1730,944.37,25000.00,462.23,909.50,500.00,0.00,943.46,25000.00,461.58,908.08,500.00,0.00,947.11,25000.00,464.18,913.77,500.00,0.00
1740,945.28,25000.00,462.88,910.92,500.00,0.00,943.46,25000.00,461.58,908.08,500.00,0.00,947.11,25000.00,464.18,913.77,500.00,0.00
1750,943.46,25000.00,461.58,908.08,500.00,0.00,943.46,25000.00,461.58,908.08,500.00,0.00,943.46,25000.00,461.58,908.08,500.00,0.00
1760,943.46,25000.00,461.58,908.08,500.00,0.00,943.46,25000.00,461.58,908.08,500.00,0.00,943.46,25000.00,461.58,908.08,500.00,0.00
1770,943.46,25000.00,461.58,908.08,500.00,0.00,943.46,25000.00,461.58,908.08,500.00,0.00,943.46,25000.00,461.58,908.08,500.00,0.00
1780,943.46,25000.00,461.58,908.08,500.00,0.00,943.46,25000.00,461.58,908.08,500.00,0.00,943.46,25000.00,461.58,908.08,500.00,0.00
1790,943.46,25000.00,461.58,908.08,500.00,0.00,943.46,25000.00,461.58,908.08,500.00,0.00,943.46,25000.00,461.58,908.08,500.00,0.00
1800,943.46,25000.00,461.58,908.08,500.00,0.00,943.46,25000.00,461.58,908.08,500.00,0.00,943.46,25000.00,461.58,908.08,500.00,0.00
1810,943.46,25000.00,461.58,908.08,500.00,0.00,943.46,25000.00,461.58,908.08,500.00,0.00,943.46,25000.00,461.58,908.08,500.00,0.00
1820,943.46,25000.00,461.58,908.08,500.00,0.00,943.46,25000.00,461.58,908.08,500.00,0.00,943.46,25000.00,461.58,908.08,500.00,0.00
1830,943.46,25000.00,461.58,908.08,500.00,0.00,943.46,25000.00,461.58,908.08,500.00,0.00,943.46,25000.00,461.58,908.08,500.00,0.00
1840,943.46,25000.00,461.58,908.08,500.00,0.00,943.46,25000.00,461.58,908.08,500.00,0.00,943.46,25000.00,461.58,908.08,500.00,0.00
1850,942.55,25000.00,460.93,908.08,500.00,0.00,939.81,25000.00,458.98,908.08,500.00,0.00,943.46,25000.00,461.58,908.08,500.00,0.00
1860,943.46,25000.00,461.58,908.08,500.00,0.00,943.46,25000.00,461.58,908.08,500.00,0.00,943.46,25000.00,461.58,908.08,500.00,0.00
1870,942.55,25000.00,460.93,906.66,500.00,0.00,939.81,25000.00,458.98,902.39,500.00,0.00,943.46,25000.00,461.58,908.08,500.00,0.00
1880,942.55,25000.00,460.93,906.66,500.00,0.00,939.81,25000.00,458.98,902.39,500.00,0.00,943.46,25000.00,461.58,908.08,500.00,0.00
1220,956.24,25000.00,470.66,927.99,500.00,0.00,954.42,25000.00,469.37,925.15,500.00,0.00,958.07,25000.00,471.96,930.84,500.00,0.00
1230,957.16,25000.00,471.31,929.42,500.00,0.00,954.42,25000.00,469.37,925.15,500.00,0.00,958.07,25000.00,471.96,930.84,500.00,0.00
1240,956.24,25000.00,470.66,927.99,500.00,0.00,954.42,25000.00,469.37,925.15,500.00,0.00,958.07,25000.00,471.96,930.84,500.00,0.00
1250,956.24,25000.00,470.66,927.99,500.00,0.00,954.42,25000.00,469.37,925.15,500.00,0.00,958.07,25000.00,471.96,930.84,500.00,0.00
1260,956.24,25000.00,470.66,927.99,500.00,0.00,954.42,25000.00,469.37,925.15,500.00,0.00,958.07,25000.00,471.96,930.84,500.00,0.00
1270,954.42,25000.00,469.37,925.15,500.00,0.00,954.42,25000.00,469.37,925.15,500.00,0.00,954.42,25000.00,469.37,925.15,500.00,0.00
1280,953.50,25000.00,468.07,922.30,500.00,0.00,950.76,25000.00,466.77,919.46,500.00,0.00,958.07,25000.00,471.96,930.84,500.00,0.00
1290,955.33,25000.00,470.01,926.57,500.00,0.00,954.42,25000.00,469.37,925.15,500.00,0.00,958.07,25000.00,471.96,930.84,500.00,0.00
1300,954.42,25000.00,469.37,925.15,500.00,0.00,950.76,25000.00,466.77,919.46,500.00,0.00,958.07,25000.00,471.96,930.84,500.00,0.00
1310,953.50,25000.00,468.72,923.73,500.00,0.00,950.76,25000.00,466.77,919.46,500.00,0.00,954.42,25000.00,469.37,925.15,500.00,0.00
1320,952.59,25000.00,468.07,922.30,500.00,0.00,950.76,25000.00,466.77,919.46,500.00,0.00,954.42,25000.00,469.37,925.15,500.00,0.00
1330,952.59,25000.00,468.07,922.30,500.00,0.00,950.76,25000.00,466.77,919.46,500.00,0.00,954.42,25000.00,469.37,925.15,500.00,0.00
1340,954.42,25000.00,469.37,925.15,500.00,0.00,954.42,25000.00,469.37,925.15,500.00,0.00,954.42,25000.00,469.37,925.15,500.00,0.00
1350,954.42,25000.00,469.37,925.15,500.00,0.00,954.42,25000.00,469.37,925.15,500.00,0.00,954.42,25000.00,469.37,925.15,500.00,0.00
1360,951.68,25000.00,467.42,920.88,500.00,0.00,950.76,25000.00,466.77,919.46,500.00,0.00,954.42,25000.00,469.37,925.15,500.00,0.00
1370,954.42,25000.00,469.37,925.15,500.00,0.00,954.42,25000.00,469.37,925.15,500.00,0.00,954.42,25000.00,469.37,925.15,500.00,0.00
1380,952.59,25000.00,468.07,922.30,500.00,0.00,950.76,25000.00,466.77,919.46,500.00,0.00,954.42,25000.00,469.37,925.15,500.00,0.00
1390,951.68,25000.00,467.42,920.88,500.00,0.00,950.76,25000.00,466.77,919.46,500.00,0.00,954.42,25000.00,469.37,925.15,500.00,0.00
1400,951.68,25000.00,467.42,920.88,500.00,0.00,947.11,25000.00,464.18,913.77,500.00,0.00,954.42,25000.00,469.37,925.15,500.00,0.00
1410,953.50,25000.00,468.72,923.73,500.00,0.00,950.76,25000.00,466.77,919.46,500.00,0.00,954.42,25000.00,469.37,925.15,500.00,0.00
1420,949.85,25000.00,466.12,918.04,500.00,0.00,947.11,25000.00,464.18,913.77,500.00,0.00,950.76,25000.00,466.77,919.46,500.00,0.00
1430,949.85,25000.00,466.12,918.04,500.00,0.00,947.11,25000.00,464.18,913.77,500.00,0.00,950.76,25000.00,466.77,919.46,500.00,0.00
1440,949.85,25000.00,466.12,918.04,500.00,0.00,947.11,25000.00,464.18,913.77,500.00,0.00,950.76,25000.00,466.77,919.46,500.00,0.00
1450,950.76,25000.00,466.77,919.46,500.00,0.00,950.76,25000.00,466.77,919.46,500.00,0.00,950.76,25000.00,466.77,919.46,500.00,0.00
1460,949.85,25000.00,466.12,918.04,500.00,0.00,947.11,25000.00,464.18,913.77,500.00,0.00,954.42,25000.00,469.37,925.15,500.00,0.00
1470,948.02,25000.00,464.82,915.19,500.00,0.00,947.11,25000.00,464.18,913.77,500.00,0.00,950.76,25000.00,466.77,919.46,500.00,0.00
1480,947.11,25000.00,464.18,913.77,500.00,0.00,947.11,25000.00,464.18,913.77,500.00,0.00,947.11,25000.00,464.18,913.77,500.00,0.00
1490,948.94,25000.00,465.47,916.61,500.00,0.00,947.11,25000.00,464.18,913.77,500.00,0.00,954.42,25000.00,469.37,925.15,500.00,0.00
1500,948.02,25000.00,464.82,915.19,500.00,0.00,947.11,25000.00,464.18,913.77,500.00,0.00,950.76,25000.00,466.77,919.46,500.00,0.00
1510,948.94,25000.00,465.47,916.61,500.00,0.00,947.11,25000.00,464.18,913.77,500.00,0.00,950.76,25000.00,466.77,919.46,500.00,0.00
1520,948.02,25000.00,464.82,915.19,500.00,0.00,947.11,25000.00,464.18,913.77,500.00,0.00,950.76,25000.00,466.77,919.46,500.00,0.00
1530,947.11,25000.00,464.18,913.77,500.00,0.00,947.11,25000.00,464.18,913.77,500.00,0.00,947.11,25000.00,464.18,913.77,500.00,0.00
1540,948.94,25000.00,465.47,916.61,500.00,0.00,947.11,25000.00,464.18,913.77,500.00,0.00,950.76,25000.00,466.77,919.46,500.00,0.00
1550,948.94,25000.00,465.47,915.19,500.00,0.00,947.11,25000.00,464.18,913.77,500.00,0.00,950.76,25000.00,466.77,919.46,500.00,0.00
900,963.55,25000.00,475.85,939.37,500.00,0.00,961.72,25000.00,474.56,936.53,500.00,0.00,965.37,25000.00,477.15,942.22,500.00,0.00
910,963.55,25000.00,474.56,936.53,500.00,0.00,961.72,25000.00,474.56,936.53,500.00,0.00,969.03,25000.00,474.56,936.53,500.00,0.00
920,963.55,25000.00,475.85,939.37,500.00,0.00,961.72,25000.00,474.56,936.53,500.00,0.00,965.37,25000.00,477.15,942.22,500.00,0.00
930,964.46,25000.00,476.50,940.79,500.00,0.00,961.72,25000.00,474.56,936.53,500.00,0.00,965.37,25000.00,477.15,942.22,500.00,0.00
940,963.55,25000.00,475.85,939.37,500.00,0.00,961.72,25000.00,474.56,936.53,500.00,0.00,965.37,25000.00,477.15,942.22,500.00,0.00
950,963.55,25000.00,475.85,939.37,500.00,0.00,961.72,25000.00,474.56,936.53,500.00,0.00,965.37,25000.00,477.15,942.22,500.00,0.00
960,964.46,25000.00,476.50,940.79,500.00,0.00,961.72,25000.00,474.56,936.53,500.00,0.00,965.37,25000.00,477.15,942.22,500.00,0.00
970,961.72,25000.00,474.56,936.53,500.00,0.00,961.72,25000.00,474.56,936.53,500.00,0.00,961.72,25000.00,474.56,936.53,500.00,0.00
980,961.72,25000.00,474.56,936.53,500.00,0.00,961.72,25000.00,474.56,936.53,500.00,0.00,961.72,25000.00,474.56,936.53,500.00,0.00
990,961.72,25000.00,474.56,936.53,500.00,0.00,961.72,25000.00,474.56,936.53,500.00,0.00,961.72,25000.00,474.56,936.53,500.00,0.00
1000,961.72,25000.00,474.56,936.53,500.00,0.00,961.72,25000.00,474.56,936.53,500.00,0.00,961.72,25000.00,474.56,936.53,500.00,0.00
1010,961.72,25000.00,474.56,936.53,500.00,0.00,961.72,25000.00,474.56,936.53,500.00,0.00,961.72,25000.00,474.56,936.53,500.00,0.00
1020,961.72,25000.00,474.56,936.53,500.00,0.00,961.72,25000.00,474.56,936.53,500.00,0.00,961.72,25000.00,474.56,936.53,500.00,0.00
1030,961.72,25000.00,474.56,936.53,500.00,0.00,961.72,25000.00,474.56,936.53,500.00,0.00,961.72,25000.00,474.56,936.53,500.00,0.00
1040,961.72,25000.00,474.56,936.53,500.00,0.00,961.72,25000.00,474.56,936.53,500.00,0.00,961.72,25000.00,474.56,936.53,500.00,0.00
1050,961.72,25000.00,474.56,936.53,500.00,0.00,961.72,25000.00,474.56,936.53,500.00,0.00,961.72,25000.00,474.56,936.53,500.00,0.00
1060,961.72,25000.00,474.56,936.53,500.00,0.00,961.72,25000.00,474.56,936.53,500.00,0.00,961.72,25000.00,474.56,936.53,500.00,0.00
1070,961.72,25000.00,474.56,936.53,500.00,0.00,961.72,25000.00,474.56,936.53,500.00,0.00,961.72,25000.00,474.56,936.53,500.00,0.00
1080,959.89,25000.00,472.61,935.10,500.00,0.00,958.07,25000.00,471.96,930.84,500.00,0.00,961.72,25000.00,474.56,936.53,500.00,0.00
1090,959.89,25000.00,473.26,933.68,500.00,0.00,958.07,25000.00,471.96,930.84,500.00,0.00,961.72,25000.00,474.56,936.53,500.00,0.00
1100,960.81,25000.00,473.91,935.10,500.00,0.00,958.07,25000.00,471.96,930.84,500.00,0.00,961.72,25000.00,474.56,936.53,500.00,0.00
1110,958.98,25000.00,472.61,932.26,500.00,0.00,954.42,25000.00,469.37,925.15,500.00,0.00,961.72,25000.00,474.56,936.53,500.00,0.00
1120,958.07,25000.00,471.96,930.84,500.00,0.00,958.07,25000.00,471.96,930.84,500.00,0.00,958.07,25000.00,471.96,930.84,500.00,0.00
1130,958.07,25000.00,471.96,930.84,500.00,0.00,954.42,25000.00,469.37,925.15,500.00,0.00,961.72,25000.00,474.56,936.53,500.00,0.00
1140,958.07,25000.00,471.96,930.84,500.00,0.00,954.42,25000.00,469.37,925.15,500.00,0.00,961.72,25000.00,474.56,936.53,500.00,0.00
1150,955.33,25000.00,470.01,926.57,500.00,0.00,954.42,25000.00,469.37,925.15,500.00,0.00,958.07,25000.00,471.96,930.84,500.00,0.00
1160,955.33,25000.00,470.01,926.57,500.00,0.00,954.42,25000.00,469.37,925.15,500.00,0.00,958.07,25000.00,471.96,930.84,500.00,0.00
1170,954.42,25000.00,469.37,925.15,500.00,0.00,954.42,25000.00,469.37,925.15,500.00,0.00,954.42,25000.00,469.37,925.15,500.00,0.00
1180,955.33,25000.00,469.37,926.57,500.00,0.00,954.42,25000.00,469.37,925.15,500.00,0.00,958.07,25000.00,469.37,930.84,500.00,0.00
1190,954.42,25000.00,469.37,925.15,500.00,0.00,954.42,25000.00,469.37,925.15,500.00,0.00,954.42,25000.00,469.37,925.15,500.00,0.00
1200,954.42,25000.00,469.37,925.15,500.00,0.00,954.42,25000.00,469.37,925.15,500.00,0.00,954.42,25000.00,469.37,925.15,500.00,0.00
1210,954.42,25000.00,469.37,925.15,500.00,0.00,954.42,25000.00,469.37,925.15,500.00,0.00,954.42,25000.00,469.37,925.15,500.00,0.00
570,972.68,25000.00,482.34,953.60,500.00,0.00,972.68,25000.00,482.34,953.60,500.00,0.00,972.68,25000.00,482.34,953.60,500.00,0.00
580,973.59,25000.00,482.99,955.02,500.00,0.00,972.68,25000.00,482.34,953.60,500.00,0.00,976.33,25000.00,484.94,959.29,500.00,0.00
590,973.59,25000.00,482.99,955.02,500.00,0.00,972.68,25000.00,482.34,953.60,500.00,0.00,976.33,25000.00,484.94,959.29,500.00,0.00
600,972.68,25000.00,482.34,953.60,500.00,0.00,972.68,25000.00,482.34,953.60,500.00,0.00,972.68,25000.00,482.34,953.60,500.00,0.00
610,973.59,25000.00,482.99,955.02,500.00,0.00,972.68,25000.00,482.34,953.60,500.00,0.00,976.33,25000.00,484.94,959.29,500.00,0.00
620,972.68,25000.00,482.34,953.60,500.00,0.00,972.68,25000.00,482.34,953.60,500.00,0.00,972.68,25000.00,482.34,953.60,500.00,0.00
630,973.59,25000.00,482.34,952.17,500.00,0.00,972.68,25000.00,482.34,947.91,500.00,0.00,976.33,25000.00,482.34,953.60,500.00,0.00
640,972.68,25000.00,482.34,953.60,500.00,0.00,972.68,25000.00,482.34,953.60,500.00,0.00,972.68,25000.00,482.34,953.60,500.00,0.00
650,972.68,25000.00,482.34,953.60,500.00,0.00,972.68,25000.00,482.34,953.60,500.00,0.00,972.68,25000.00,482.34,953.60,500.00,0.00
660,969.94,25000.00,480.40,949.33,500.00,0.00,969.03,25000.00,479.75,947.91,500.00,0.00,972.68,25000.00,482.34,953.60,500.00,0.00
670,971.77,25000.00,481.69,952.17,500.00,0.00,969.03,25000.00,479.75,947.91,500.00,0.00,972.68,25000.00,482.34,953.60,500.00,0.00
680,969.03,25000.00,479.75,947.91,500.00,0.00,969.03,25000.00,479.75,947.91,500.00,0.00,969.03,25000.00,479.75,947.91,500.00,0.00
690,969.03,25000.00,479.75,947.91,500.00,0.00,969.03,25000.00,479.75,947.91,500.00,0.00,969.03,25000.00,479.75,947.91,500.00,0.00
700,969.03,25000.00,479.75,947.91,500.00,0.00,969.03,25000.00,479.75,947.91,500.00,0.00,969.03,25000.00,479.75,947.91,500.00,0.00
710,969.03,25000.00,479.75,947.91,500.00,0.00,969.03,25000.00,479.75,947.91,500.00,0.00,969.03,25000.00,479.75,947.91,500.00,0.00
720,969.03,25000.00,479.75,947.91,500.00,0.00,969.03,25000.00,479.75,947.91,500.00,0.00,969.03,25000.00,479.75,947.91,500.00,0.00
730,969.03,25000.00,479.75,947.91,500.00,0.00,969.03,25000.00,479.75,947.91,500.00,0.00,969.03,25000.00,479.75,947.91,500.00,0.00
740,970.85,25000.00,481.04,950.75,500.00,0.00,969.03,25000.00,479.75,947.91,500.00,0.00,972.68,25000.00,482.34,953.60,500.00,0.00
750,969.03,25000.00,479.75,947.91,500.00,0.00,969.03,25000.00,479.75,947.91,500.00,0.00,969.03,25000.00,479.75,947.91,500.00,0.00
760,967.20,25000.00,478.45,945.06,500.00,0.00,965.37,25000.00,477.15,942.22,500.00,0.00,969.03,25000.00,479.75,947.91,500.00,0.00
770,966.29,25000.00,477.80,943.64,500.00,0.00,965.37,25000.00,477.15,942.22,500.00,0.00,969.03,25000.00,479.75,947.91,500.00,0.00
780,966.29,25000.00,477.80,943.64,500.00,0.00,965.37,25000.00,477.15,942.22,500.00,0.00,969.03,25000.00,479.75,947.91,500.00,0.00
790,967.20,25000.00,478.45,945.06,500.00,0.00,965.37,25000.00,477.15,942.22,500.00,0.00,969.03,25000.00,479.75,947.91,500.00,0.00
800,966.29,25000.00,477.80,943.64,500.00,0.00,965.37,25000.00,477.15,942.22,500.00,0.00,969.03,25000.00,479.75,947.91,500.00,0.00
810,965.37,25000.00,477.15,942.22,500.00,0.00,965.37,25000.00,477.15,942.22,500.00,0.00,965.37,25000.00,477.15,942.22,500.00,0.00
820,966.29,25000.00,477.80,943.64,500.00,0.00,965.37,25000.00,477.15,942.22,500.00,0.00,969.03,25000.00,479.75,947.91,500.00,0.00
830,967.20,25000.00,479.10,946.48,500.00,0.00,965.37,25000.00,477.15,942.22,500.00,0.00,969.03,25000.00,479.75,947.91,500.00,0.00
840,964.46,25000.00,476.50,940.79,500.00,0.00,961.72,25000.00,474.56,936.53,500.00,0.00,969.03,25000.00,479.75,947.91,500.00,0.00
850,964.46,25000.00,476.50,940.79,500.00,0.00,961.72,25000.00,474.56,936.53,500.00,0.00,965.37,25000.00,477.15,942.22,500.00,0.00
860,965.37,25000.00,477.15,942.22,500.00,0.00,965.37,25000.00,477.15,942.22,500.00,0.00,965.37,25000.00,477.15,942.22,500.00,0.00
870,964.46,25000.00,476.50,940.79,500.00,0.00,961.72,25000.00,474.56,936.53,500.00,0.00,965.37,25000.00,477.15,942.22,500.00,0.00
880,963.55,25000.00,477.15,943.64,500.00,0.00,961.72,25000.00,474.56,942.22,500.00,0.00,969.03,25000.00,479.75,947.91,500.00,0.00
890,967.20,25000.00,478.45,945.06,500.00,0.00,965.37,25000.00,477.15,942.22,500.00,0.00,969.03,25000.00,479.75,947.91,500.00,0.00
250,991.85,25000.00,495.97,983.47,500.00,0.00,990.94,25000.00,495.32,982.04,500.00,0.00,994.59,25000.00,497.91,987.73,500.00,0.00
260,990.03,25000.00,494.67,980.62,500.00,0.00,987.29,25000.00,492.72,976.35,500.00,0.00,994.59,25000.00,497.91,987.73,500.00,0.00
270,990.94,25000.00,495.32,982.04,500.00,0.00,990.94,25000.00,495.32,982.04,500.00,0.00,990.94,25000.00,495.32,982.04,500.00,0.00
280,990.94,25000.00,495.32,982.04,500.00,0.00,990.94,25000.00,495.32,982.04,500.00,0.00,990.94,25000.00,495.32,982.04,500.00,0.00
290,990.03,25000.00,494.67,980.62,500.00,0.00,987.29,25000.00,492.72,976.35,500.00,0.00,990.94,25000.00,495.32,982.04,500.00,0.00
300,987.29,25000.00,492.72,976.35,500.00,0.00,987.29,25000.00,492.72,976.35,500.00,0.00,987.29,25000.00,492.72,976.35,500.00,0.00
310,987.29,25000.00,492.72,976.35,500.00,0.00,983.64,25000.00,490.13,970.66,500.00,0.00,990.94,25000.00,495.32,982.04,500.00,0.00
320,986.38,25000.00,492.07,974.93,500.00,0.00,983.64,25000.00,490.13,970.66,500.00,0.00,987.29,25000.00,492.72,976.35,500.00,0.00
330,986.38,25000.00,492.72,977.78,500.00,0.00,983.64,25000.00,490.13,976.35,500.00,0.00,990.94,25000.00,495.32,982.04,500.00,0.00
340,985.46,25000.00,491.43,973.51,500.00,0.00,983.64,25000.00,490.13,970.66,500.00,0.00,987.29,25000.00,492.72,976.35,500.00,0.00
350,983.64,25000.00,490.13,970.66,500.00,0.00,983.64,25000.00,490.13,970.66,500.00,0.00,983.64,25000.00,490.13,970.66,500.00,0.00
360,983.64,25000.00,490.13,970.66,500.00,0.00,983.64,25000.00,490.13,970.66,500.00,0.00,983.64,25000.00,490.13,970.66,500.00,0.00
370,984.55,25000.00,490.78,972.09,500.00,0.00,983.64,25000.00,490.13,970.66,500.00,0.00,987.29,25000.00,492.72,976.35,500.00,0.00
380,983.64,25000.00,490.13,970.66,500.00,0.00,983.64,25000.00,490.13,970.66,500.00,0.00,983.64,25000.00,490.13,970.66,500.00,0.00
390,983.64,25000.00,490.13,970.66,500.00,0.00,983.64,25000.00,490.13,970.66,500.00,0.00,983.64,25000.00,490.13,970.66,500.00,0.00
400,984.55,25000.00,490.78,972.09,500.00,0.00,983.64,25000.00,490.13,970.66,500.00,0.00,987.29,25000.00,492.72,976.35,500.00,0.00
410,982.72,25000.00,489.48,969.24,500.00,0.00,979.98,25000.00,487.53,964.97,500.00,0.00,983.64,25000.00,490.13,970.66,500.00,0.00
420,982.72,25000.00,489.48,969.24,500.00,0.00,979.98,25000.00,487.53,964.97,500.00,0.00,983.64,25000.00,490.13,970.66,500.00,0.00
430,981.81,25000.00,488.83,967.82,500.00,0.00,979.98,25000.00,487.53,964.97,500.00,0.00,983.64,25000.00,490.13,970.66,500.00,0.00
440,979.98,25000.00,487.53,964.97,500.00,0.00,979.98,25000.00,487.53,964.97,500.00,0.00,979.98,25000.00,487.53,964.97,500.00,0.00
450,980.90,25000.00,488.18,966.40,500.00,0.00,979.98,25000.00,487.53,964.97,500.00,0.00,983.64,25000.00,490.13,970.66,500.00,0.00
460,979.98,25000.00,487.53,964.97,500.00,0.00,979.98,25000.00,487.53,964.97,500.00,0.00,979.98,25000.00,487.53,964.97,500.00,0.00
470,979.98,25000.00,487.53,964.97,500.00,0.00,979.98,25000.00,487.53,964.97,500.00,0.00,979.98,25000.00,487.53,964.97,500.00,0.00
480,979.98,25000.00,487.53,964.97,500.00,0.00,979.98,25000.00,487.53,964.97,500.00,0.00,979.98,25000.00,487.53,964.97,500.00,0.00
490,979.98,25000.00,487.53,964.97,500.00,0.00,979.98,25000.00,487.53,964.97,500.00,0.00,979.98,25000.00,487.53,964.97,500.00,0.00
500,979.98,25000.00,488.18,966.40,500.00,0.00,979.98,25000.00,487.53,964.97,500.00,0.00,979.98,25000.00,490.13,970.66,500.00,0.00
510,979.07,25000.00,486.88,963.55,500.00,0.00,976.33,25000.00,484.94,959.29,500.00,0.00,979.98,25000.00,487.53,964.97,500.00,0.00
520,976.33,25000.00,484.94,959.29,500.00,0.00,976.33,25000.00,484.94,959.29,500.00,0.00,976.33,25000.00,484.94,959.29,500.00,0.00
530,979.07,25000.00,486.88,963.55,500.00,0.00,976.33,25000.00,484.94,959.29,500.00,0.00,983.64,25000.00,490.13,970.66,500.00,0.00
540,977.24,25000.00,485.59,960.71,500.00,0.00,976.33,25000.00,484.94,959.29,500.00,0.00,979.98,25000.00,487.53,964.97,500.00,0.00
550,977.24,25000.00,485.59,960.71,500.00,0.00,976.33,25000.00,484.94,959.29,500.00,0.00,979.98,25000.00,487.53,964.97,500.00,0.00
560,963.55,25000.00,475.85,939.37,500.00,0.00,961.72,25000.00,474.56,936.53,500.00,0.00,965.37,25000.00,477.15,942.22,500.00,0.00
30,949.85,25000.00,466.12,918.04,499.70,0.00,921.54,25000.00,446.01,873.94,498.82,0.00,965.37,25000.00,477.15,942.22,500.00,0.00
40,990.94,25000.00,495.32,982.04,500.00,0.00,990.94,25000.00,495.32,982.04,500.00,0.00,990.94,25000.00,495.32,982.04,500.00,0.00
50,990.94,25000.00,495.32,982.04,500.00,0.00,990.94,25000.00,495.32,982.04,500.00,0.00,990.94,25000.00,495.32,982.04,500.00,0.00
60,992.77,25000.00,496.62,984.89,500.00,0.00,990.94,25000.00,495.32,982.04,500.00,0.00,994.59,25000.00,497.91,987.73,500.00,0.00
70,994.59,25000.00,497.91,987.73,500.00,0.00,994.59,25000.00,497.91,987.73,500.00,0.00,994.59,25000.00,497.91,987.73,500.00,0.00
80,994.59,25000.00,497.91,987.73,500.00,0.00,994.59,25000.00,497.91,987.73,500.00,0.00,994.59,25000.00,497.91,987.73,500.00,0.00
90,994.59,25000.00,497.91,987.73,500.00,0.00,994.59,25000.00,497.91,987.73,500.00,0.00,994.59,25000.00,497.91,987.73,500.00,0.00
100,995.51,25000.00,498.44,989.16,500.00,0.00,994.59,25000.00,497.91,987.73,500.00,0.00,998.25,25000.00,500.00,993.42,500.00,0.00
110,996.42,25000.00,498.96,990.58,500.00,0.00,994.59,25000.00,497.91,987.73,500.00,0.00,998.25,25000.00,500.00,993.42,500.00,0.00
120,995.51,25000.00,498.44,989.16,500.00,0.00,994.59,25000.00,497.91,987.73,500.00,0.00,998.25,25000.00,500.00,993.42,500.00,0.00
130,994.59,25000.00,497.91,987.73,500.00,0.00,994.59,25000.00,497.91,987.73,500.00,0.00,994.59,25000.00,497.91,987.73,500.00,0.00
140,997.33,25000.00,499.48,992.00,500.00,0.00,994.59,25000.00,497.91,987.73,500.00,0.00,998.25,25000.00,500.00,993.42,500.00,0.00
150,997.33,25000.00,499.48,992.00,500.00,0.00,994.59,25000.00,497.91,987.73,500.00,0.00,998.25,25000.00,500.00,993.42,500.00,0.00
160,994.59,25000.00,497.91,987.73,500.00,0.00,994.59,25000.00,497.91,987.73,500.00,0.00,994.59,25000.00,497.91,987.73,500.00,0.00
170,994.59,25000.00,497.91,987.73,500.00,0.00,994.59,25000.00,497.91,987.73,500.00,0.00,994.59,25000.00,497.91,987.73,500.00,0.00
180,994.59,25000.00,497.91,987.73,500.00,0.00,994.59,25000.00,497.91,987.73,500.00,0.00,994.59,25000.00,497.91,987.73,500.00,0.00
190,994.59,25000.00,497.91,987.73,500.00,0.00,994.59,25000.00,497.91,987.73,500.00,0.00,994.59,25000.00,497.91,987.73,500.00,0.00
200,994.59,25000.00,497.91,987.73,500.00,0.00,994.59,25000.00,497.91,987.73,500.00,0.00,994.59,25000.00,497.91,987.73,500.00,0.00
210,994.59,25000.00,497.91,987.73,500.00,0.00,994.59,25000.00,497.91,987.73,500.00,0.00,994.59,25000.00,497.91,987.73,500.00,0.00
220,994.59,25000.00,497.91,987.73,500.00,0.00,994.59,25000.00,497.91,987.73,500.00,0.00,994.59,25000.00,497.91,987.73,500.00,0.00
230,992.77,25000.00,496.62,984.89,500.00,0.00,990.94,25000.00,495.32,982.04,500.00,0.00,994.59,25000.00,497.91,987.73,500.00,0.00
240,990.94,25000.00,495.32,982.04,500.00,0.00,987.29,25000.00,492.72,976.35,500.00,0.00,994.59,25000.00,497.91,987.73,500.00,0.00