5510,840.93,25000.00,388.73,748.37,477.05,0.00,840.93,25000.00,388.73,748.37,477.05,0.00,840.93,25000.00,388.73,748.37,477.05,0.00
5520,849.01,25000.00,394.47,760.96,479.23,0.00,848.11,25000.00,393.84,759.56,478.99,0.00,851.71,25000.00,396.39,765.16,479.96,0.00
5530,852.61,25000.00,397.03,766.56,480.20,0.00,848.11,25000.00,393.84,759.56,478.99,0.00,855.30,25000.00,398.94,770.76,480.93,0.00
5540,838.23,25000.00,386.81,745.57,476.56,0.00,822.96,25000.00,375.96,725.97,473.17,0.00,851.71,25000.00,396.39,765.16,479.96,0.00
5550,831.04,25000.00,381.71,732.97,474.38,0.00,822.96,25000.00,375.96,720.37,472.20,0.00,837.33,25000.00,386.17,742.77,476.08,0.00
5560,847.22,25000.00,393.20,758.16,478.75,0.00,844.52,25000.00,391.28,753.96,478.02,0.00,851.71,25000.00,396.39,765.16,479.96,0.00
5570,852.61,25000.00,397.03,766.56,480.20,0.00,851.71,25000.00,396.39,765.16,479.96,0.00,855.30,25000.00,398.94,770.76,480.93,0.00
5580,821.16,25000.00,374.68,717.57,471.71,0.00,815.77,25000.00,370.85,709.18,470.26,0.00,826.55,25000.00,378.51,725.97,473.17,0.00
5590,852.61,25000.00,397.03,766.56,480.20,0.00,848.11,25000.00,393.84,759.56,478.99,0.00,855.30,25000.00,398.94,770.76,480.93,0.00
5600,845.42,25000.00,391.92,755.36,478.26,0.00,833.74,25000.00,383.62,737.17,475.11,0.00,855.30,25000.00,398.94,770.76,480.93,0.00
5610,815.77,25000.00,370.85,709.18,470.26,0.00,815.77,25000.00,370.85,709.18,470.26,0.00,815.77,25000.00,370.85,709.18,470.26,0.00
5620,838.23,25000.00,386.81,744.17,476.32,0.00,837.33,25000.00,386.17,742.77,476.08,0.00,840.93,25000.00,388.73,748.37,477.05,0.00
5630,855.30,25000.00,398.94,770.76,480.93,0.00,851.71,25000.00,396.39,765.16,479.96,0.00,858.90,25000.00,401.50,776.36,481.90,0.00
5640,844.52,25000.00,391.28,753.96,478.02,0.00,844.52,25000.00,391.28,753.96,478.02,0.00,844.52,25000.00,391.28,753.96,478.02,0.00
5650,844.52,25000.00,391.28,753.96,478.02,0.00,840.93,25000.00,388.73,748.37,477.05,0.00,848.11,25000.00,393.84,759.56,478.99,0.00
5660,830.14,25000.00,381.07,731.57,474.14,0.00,826.55,25000.00,378.51,725.97,473.17,0.00,833.74,25000.00,383.62,737.17,475.11,0.00
5670,867.88,25000.00,407.88,790.35,484.33,0.00,866.08,25000.00,406.60,787.55,483.84,0.00,869.68,25000.00,409.16,793.15,484.81,0.00
5680,820.26,25000.00,374.04,716.17,471.47,0.00,819.36,25000.00,373.41,714.77,471.23,0.00,822.96,25000.00,375.96,720.37,472.20,0.00
5690,839.13,25000.00,387.45,745.57,476.56,0.00,837.33,25000.00,386.17,742.77,476.08,0.00,840.93,25000.00,388.73,748.37,477.05,0.00
5700,837.33,25000.00,386.17,742.77,476.08,0.00,837.33,25000.00,386.17,742.77,476.08,0.00,837.33,25000.00,386.17,742.77,476.08,0.00
5710,854.40,25000.00,398.94,770.76,481.17,0.00,851.71,25000.00,396.39,765.16,480.93,0.00,855.30,25000.00,401.50,776.36,481.90,0.00
5720,815.77,25000.00,370.85,709.18,470.26,0.00,808.58,25000.00,365.74,697.98,468.32,0.00,822.96,25000.00,375.96,720.37,472.20,0.00
5730,837.33,25000.00,386.17,742.77,476.08,0.00,822.96,25000.00,375.96,720.37,472.20,0.00,844.52,25000.00,391.28,753.96,478.02,0.00
5740,831.04,25000.00,381.71,732.97,474.38,0.00,826.55,25000.00,378.51,725.97,473.17,0.00,833.74,25000.00,383.62,737.17,475.11,0.00
5750,840.93,25000.00,388.73,748.37,477.05,0.00,840.93,25000.00,388.73,748.37,477.05,0.00,840.93,25000.00,388.73,748.37,477.05,0.00
5760,847.22,25000.00,393.20,758.16,478.75,0.00,844.52,25000.00,391.28,753.96,478.02,0.00,848.11,25000.00,393.84,759.56,478.99,0.00
5770,840.03,25000.00,388.09,746.97,476.81,0.00,837.33,25000.00,386.17,742.77,476.08,0.00,844.52,25000.00,391.28,753.96,478.02,0.00
5780,859.79,25000.00,402.13,777.76,482.14,0.00,855.30,25000.00,398.94,770.76,480.93,0.00,862.49,25000.00,404.05,781.96,482.87,0.00
5790,835.53,25000.00,384.90,739.97,475.59,0.00,833.74,25000.00,383.62,737.17,475.11,0.00,837.33,25000.00,386.17,742.77,476.08,0.00
5800,863.39,25000.00,404.69,783.36,483.11,0.00,858.90,25000.00,401.50,776.36,481.90,0.00,866.08,25000.00,406.60,787.55,483.84,0.00
5810,813.97,25000.00,369.58,706.38,469.77,0.00,812.17,25000.00,368.30,703.58,469.29,0.00,819.36,25000.00,373.41,714.77,471.23,0.00
5820,828.35,25000.00,379.79,728.77,473.65,0.00,826.55,25000.00,378.51,725.97,473.17,0.00,830.14,25000.00,381.07,731.57,474.14,0.00
5830,846.32,25000.00,392.56,756.76,478.51,0.00,844.52,25000.00,391.28,753.96,478.02,0.00,848.11,25000.00,393.84,759.56,478.99,0.00
5840,852.61,25000.00,397.03,766.56,480.20,0.00,851.71,25000.00,396.39,765.16,479.96,0.00,855.30,25000.00,398.94,770.76,480.93,0.00
5190,901.13,25000.00,431.50,842.14,493.30,0.00,898.43,25000.00,429.59,837.94,492.58,0.00,902.03,25000.00,432.14,843.54,493.55,0.00
5200,843.62,25000.00,390.64,752.56,477.78,0.00,837.33,25000.00,386.17,742.77,476.08,0.00,848.11,25000.00,393.84,759.56,478.99,0.00
5210,836.43,25000.00,385.54,741.37,475.84,0.00,833.74,25000.00,383.62,737.17,475.11,0.00,840.93,25000.00,388.73,748.37,477.05,0.00
5220,857.10,25000.00,400.22,773.56,481.42,0.00,855.30,25000.00,398.94,770.76,480.93,0.00,858.90,25000.00,401.50,776.36,481.90,0.00
5230,840.93,25000.00,388.73,748.37,477.05,0.00,837.33,25000.00,386.17,742.77,476.08,0.00,844.52,25000.00,391.28,753.96,478.02,0.00
5240,863.39,25000.00,404.69,783.36,483.11,0.00,858.90,25000.00,401.50,776.36,481.90,0.00,869.68,25000.00,409.16,793.15,484.81,0.00
5250,840.03,25000.00,388.09,748.37,477.05,0.00,837.33,25000.00,386.17,748.37,477.05,0.00,840.93,25000.00,388.73,748.37,477.05,0.00
5260,857.10,25000.00,400.22,773.56,481.42,0.00,855.30,25000.00,398.94,770.76,480.93,0.00,858.90,25000.00,401.50,776.36,481.90,0.00
5270,855.30,25000.00,399.58,772.16,481.17,0.00,851.71,25000.00,398.94,770.76,480.93,0.00,858.90,25000.00,401.50,776.36,481.90,0.00
5280,867.88,25000.00,407.88,790.35,484.33,0.00,866.08,25000.00,406.60,787.55,483.84,0.00,869.68,25000.00,409.16,793.15,484.81,0.00
5290,857.10,25000.00,400.22,773.56,481.42,0.00,855.30,25000.00,398.94,770.76,480.93,0.00,858.90,25000.00,401.50,776.36,481.90,0.00
5300,858.90,25000.00,401.50,776.36,481.90,0.00,855.30,25000.00,398.94,770.76,480.93,0.00,862.49,25000.00,404.05,781.96,482.87,0.00
5310,865.19,25000.00,405.97,786.15,483.60,0.00,858.90,25000.00,401.50,776.36,481.90,0.00,869.68,25000.00,409.16,793.15,484.81,0.00
5320,856.20,25000.00,399.58,772.16,481.17,0.00,851.71,25000.00,396.39,765.16,479.96,0.00,858.90,25000.00,401.50,776.36,481.90,0.00
5330,883.16,25000.00,418.73,814.15,488.45,0.00,880.46,25000.00,416.82,809.95,487.72,0.00,884.05,25000.00,419.37,815.55,488.69,0.00
5340,859.79,25000.00,402.13,777.76,482.14,0.00,858.90,25000.00,401.50,776.36,481.90,0.00,862.49,25000.00,404.05,781.96,482.87,0.00
5350,849.91,25000.00,395.11,762.36,479.48,0.00,848.11,25000.00,393.84,759.56,478.99,0.00,851.71,25000.00,396.39,765.16,479.96,0.00
5360,851.71,25000.00,396.39,765.16,479.96,0.00,848.11,25000.00,393.84,759.56,478.99,0.00,855.30,25000.00,398.94,770.76,480.93,0.00
5370,837.33,25000.00,386.17,742.77,476.08,0.00,837.33,25000.00,386.17,742.77,476.08,0.00,837.33,25000.00,386.17,742.77,476.08,0.00
5380,866.08,25000.00,406.60,787.55,483.84,0.00,862.49,25000.00,404.05,781.96,482.87,0.00,869.68,25000.00,409.16,793.15,484.81,0.00
5390,850.81,25000.00,395.75,763.76,479.72,0.00,848.11,25000.00,393.84,759.56,478.99,0.00,851.71,25000.00,396.39,765.16,479.96,0.00
5400,851.71,25000.00,395.75,763.76,479.72,0.00,848.11,25000.00,393.84,759.56,478.99,0.00,855.30,25000.00,398.94,770.76,480.93,0.00
5410,849.91,25000.00,395.11,762.36,479.48,0.00,848.11,25000.00,393.84,759.56,478.99,0.00,851.71,25000.00,396.39,765.16,479.96,0.00
5420,848.11,25000.00,393.84,759.56,478.99,0.00,844.52,25000.00,391.28,753.96,478.02,0.00,855.30,25000.00,398.94,770.76,480.93,0.00
5430,853.51,25000.00,397.67,767.96,480.45,0.00,848.11,25000.00,393.84,759.56,478.99,0.00,858.90,25000.00,401.50,776.36,481.90,0.00
5440,853.51,25000.00,397.67,767.96,480.45,0.00,851.71,25000.00,396.39,765.16,479.96,0.00,855.30,25000.00,398.94,770.76,480.93,0.00
5450,850.81,25000.00,395.75,763.76,479.72,0.00,848.11,25000.00,393.84,759.56,478.99,0.00,855.30,25000.00,398.94,770.76,480.93,0.00
5460,849.91,25000.00,395.11,762.36,479.48,0.00,848.11,25000.00,393.84,759.56,478.99,0.00,851.71,25000.00,396.39,765.16,479.96,0.00
5470,858.00,25000.00,400.86,774.96,481.66,0.00,848.11,25000.00,393.84,759.56,478.99,0.00,866.08,25000.00,406.60,787.55,483.84,0.00
5480,847.22,25000.00,393.20,758.16,478.99,0.00,840.93,25000.00,388.73,748.37,477.05,0.00,855.30,25000.00,398.94,770.76,480.93,0.00
5490,844.52,25000.00,391.28,753.96,478.02,0.00,844.52,25000.00,391.28,753.96,478.02,0.00,844.52,25000.00,391.28,753.96,478.02,0.00
5500,857.10,25000.00,400.22,773.56,481.42,0.00,855.30,25000.00,398.94,770.76,480.93,0.00,858.90,25000.00,401.50,776.36,481.90,0.00
4860,869.68,25000.00,409.16,793.15,484.81,0.00,869.68,25000.00,409.16,793.15,484.81,0.00,869.68,25000.00,409.16,793.15,484.81,0.00
4870,876.87,25000.00,414.26,804.35,486.75,0.00,876.87,25000.00,414.26,804.35,486.75,0.00,876.87,25000.00,414.26,804.35,486.75,0.00
4880,880.46,25000.00,416.82,809.95,487.72,0.00,880.46,25000.00,416.82,809.95,487.72,0.00,880.46,25000.00,416.82,809.95,487.72,0.00
4890,870.58,25000.00,409.80,794.55,485.06,0.00,869.68,25000.00,409.16,793.15,484.81,0.00,873.27,25000.00,411.71,798.75,485.78,0.00
4900,869.68,25000.00,409.16,793.15,484.81,0.00,869.68,25000.00,409.16,793.15,484.81,0.00,869.68,25000.00,409.16,793.15,484.81,0.00
4910,878.66,25000.00,415.54,807.15,487.24,0.00,873.27,25000.00,411.71,798.75,485.78,0.00,884.05,25000.00,419.37,815.55,488.69,0.00
4920,854.40,25000.00,398.30,769.36,480.69,0.00,844.52,25000.00,391.28,753.96,478.02,0.00,862.49,25000.00,404.05,781.96,482.87,0.00
4930,849.01,25000.00,394.47,760.96,479.23,0.00,848.11,25000.00,393.84,759.56,478.99,0.00,851.71,25000.00,396.39,765.16,479.96,0.00
4940,858.00,25000.00,400.86,774.96,481.66,0.00,851.71,25000.00,396.39,765.16,479.96,0.00,866.08,25000.00,406.60,787.55,483.84,0.00
4950,850.81,25000.00,395.75,763.76,479.72,0.00,848.11,25000.00,393.84,759.56,478.99,0.00,851.71,25000.00,396.39,765.16,479.96,0.00
4960,871.48,25000.00,410.43,795.95,485.30,0.00,869.68,25000.00,409.16,793.15,484.81,0.00,873.27,25000.00,411.71,798.75,485.78,0.00
4970,869.68,25000.00,409.16,793.15,484.81,0.00,869.68,25000.00,409.16,793.15,484.81,0.00,869.68,25000.00,409.16,793.15,484.81,0.00
4980,880.46,25000.00,416.82,809.95,487.72,0.00,880.46,25000.00,416.82,809.95,487.72,0.00,880.46,25000.00,416.82,809.95,487.72,0.00
4990,871.48,25000.00,410.43,795.95,485.30,0.00,869.68,25000.00,409.16,793.15,484.81,0.00,873.27,25000.00,411.71,798.75,485.78,0.00
5000,876.87,25000.00,414.26,804.35,486.75,0.00,876.87,25000.00,414.26,804.35,486.75,0.00,876.87,25000.00,414.26,804.35,486.75,0.00
5010,877.77,25000.00,414.90,805.75,487.00,0.00,876.87,25000.00,414.26,804.35,486.75,0.00,880.46,25000.00,416.82,809.95,487.72,0.00
5020,874.17,25000.00,412.35,800.15,486.03,0.00,869.68,25000.00,409.16,793.15,484.81,0.00,880.46,25000.00,416.82,809.95,487.72,0.00
5030,865.19,25000.00,405.97,786.15,483.60,0.00,862.49,25000.00,404.05,781.96,482.87,0.00,869.68,25000.00,409.16,793.15,484.81,0.00
5040,876.87,25000.00,414.26,804.35,486.75,0.00,876.87,25000.00,414.26,804.35,486.75,0.00,876.87,25000.00,414.26,804.35,486.75,0.00
5050,870.58,25000.00,409.80,794.55,485.06,0.00,869.68,25000.00,409.16,793.15,484.81,0.00,873.27,25000.00,411.71,798.75,485.78,0.00
5060,861.59,25000.00,403.41,780.56,482.63,0.00,858.90,25000.00,401.50,776.36,481.90,0.00,862.49,25000.00,404.05,781.96,482.87,0.00
5070,849.91,25000.00,395.11,762.36,479.48,0.00,848.11,25000.00,393.84,759.56,478.99,0.00,851.71,25000.00,396.39,765.16,479.96,0.00
5080,858.00,25000.00,400.86,774.96,481.66,0.00,855.30,25000.00,398.94,770.76,480.93,0.00,858.90,25000.00,401.50,776.36,481.90,0.00
5090,875.97,25000.00,413.63,802.95,486.51,0.00,873.27,25000.00,411.71,798.75,485.78,0.00,876.87,25000.00,414.26,804.35,486.75,0.00
5100,841.82,25000.00,389.37,749.76,477.29,0.00,833.74,25000.00,383.62,737.17,475.11,0.00,851.71,25000.00,396.39,765.16,479.96,0.00
5110,876.87,25000.00,414.26,804.35,486.75,0.00,876.87,25000.00,414.26,804.35,486.75,0.00,876.87,25000.00,414.26,804.35,486.75,0.00
5120,860.69,25000.00,402.77,779.16,482.39,0.00,855.30,25000.00,398.94,770.76,480.93,0.00,866.08,25000.00,406.60,787.55,483.84,0.00
5130,866.98,25000.00,407.24,788.95,484.09,0.00,866.08,25000.00,406.60,787.55,483.84,0.00,869.68,25000.00,409.16,793.15,484.81,0.00
5140,831.04,25000.00,381.71,732.97,474.38,0.00,830.14,25000.00,381.07,731.57,474.14,0.00,833.74,25000.00,383.62,737.17,475.11,0.00
5150,884.95,25000.00,419.37,816.95,488.94,0.00,884.05,25000.00,419.37,815.55,488.69,0.00,887.65,25000.00,419.37,821.15,489.67,0.00
5160,822.96,25000.00,375.96,720.37,472.20,0.00,812.17,25000.00,368.30,703.58,469.29,0.00,833.74,25000.00,383.62,737.17,475.11,0.00
5170,838.23,25000.00,386.81,744.17,476.32,0.00,837.33,25000.00,386.17,742.77,476.08,0.00,840.93,25000.00,388.73,748.37,477.05,0.00
5180,840.93,25000.00,388.73,748.37,477.05,0.00,840.93,25000.00,388.73,748.37,477.05,0.00,840.93,25000.00,388.73,748.37,477.05,0.00
4550,866.98,25000.00,407.24,788.95,484.09,0.00,866.08,25000.00,406.60,787.55,483.84,0.00,869.68,25000.00,409.16,793.15,484.81,0.00
4560,862.49,25000.00,404.05,781.96,482.87,0.00,862.49,25000.00,404.05,781.96,482.87,0.00,862.49,25000.00,404.05,781.96,482.87,0.00
4570,851.71,25000.00,396.39,765.16,479.96,0.00,848.11,25000.00,393.84,759.56,478.99,0.00,855.30,25000.00,398.94,770.76,480.93,0.00
4580,850.81,25000.00,395.75,763.76,479.72,0.00,848.11,25000.00,393.84,759.56,478.99,0.00,851.71,25000.00,396.39,765.16,479.96,0.00
4590,859.79,25000.00,402.13,777.76,482.14,0.00,858.90,25000.00,401.50,776.36,481.90,0.00,862.49,25000.00,404.05,781.96,482.87,0.00
4600,875.97,25000.00,413.63,802.95,486.51,0.00,873.27,25000.00,411.71,798.75,485.78,0.00,876.87,25000.00,414.26,804.35,486.75,0.00
4610,860.69,25000.00,402.77,779.16,482.39,0.00,858.90,25000.00,401.50,776.36,481.90,0.00,866.08,25000.00,406.60,787.55,483.84,0.00
4620,855.30,25000.00,398.94,770.76,480.93,0.00,855.30,25000.00,398.94,770.76,480.93,0.00,855.30,25000.00,398.94,770.76,480.93,0.00
4630,860.69,25000.00,402.77,779.16,482.39,0.00,858.90,25000.00,401.50,776.36,481.90,0.00,862.49,25000.00,404.05,781.96,482.87,0.00
4640,869.68,25000.00,409.16,793.15,484.81,0.00,866.08,25000.00,406.60,787.55,483.84,0.00,873.27,25000.00,411.71,798.75,485.78,0.00
4650,891.24,25000.00,424.48,826.74,490.64,0.00,887.65,25000.00,421.93,821.15,489.67,0.00,894.84,25000.00,427.03,832.34,491.61,0.00
4660,877.77,25000.00,414.90,805.75,487.00,0.00,873.27,25000.00,411.71,798.75,485.78,0.00,880.46,25000.00,416.82,809.95,487.72,0.00
4670,882.26,25000.00,418.10,809.95,487.48,0.00,869.68,25000.00,409.16,781.96,482.87,0.00,894.84,25000.00,427.03,832.34,491.61,0.00
4680,846.32,25000.00,392.56,756.76,478.51,0.00,837.33,25000.00,386.17,742.77,476.08,0.00,855.30,25000.00,398.94,770.76,480.93,0.00
4690,858.90,25000.00,401.50,776.36,481.90,0.00,858.90,25000.00,401.50,776.36,481.90,0.00,858.90,25000.00,401.50,776.36,481.90,0.00
4700,855.30,25000.00,398.94,770.76,480.93,0.00,855.30,25000.00,398.94,770.76,480.93,0.00,855.30,25000.00,398.94,770.76,480.93,0.00
4710,851.71,25000.00,396.39,765.16,479.96,0.00,851.71,25000.00,396.39,765.16,479.96,0.00,851.71,25000.00,396.39,765.16,479.96,0.00
4720,849.01,25000.00,394.47,760.96,479.23,0.00,844.52,25000.00,391.28,753.96,478.02,0.00,855.30,25000.00,398.94,770.76,480.93,0.00
4730,761.86,25000.00,332.55,625.20,455.70,0.00,725.92,25000.00,307.01,569.21,446.00,0.00,797.80,25000.00,358.08,681.18,465.41,0.00
4740,854.40,25000.00,398.30,769.36,480.69,0.00,851.71,25000.00,396.39,765.16,479.96,0.00,858.90,25000.00,401.50,776.36,481.90,0.00
4750,839.13,25000.00,387.45,745.57,476.56,0.00,833.74,25000.00,383.62,737.17,475.11,0.00,844.52,25000.00,391.28,753.96,478.02,0.00
4760,870.58,25000.00,409.80,794.55,485.06,0.00,869.68,25000.00,409.16,793.15,484.81,0.00,873.27,25000.00,411.71,798.75,485.78,0.00
4770,857.10,25000.00,400.22,773.56,481.42,0.00,855.30,25000.00,398.94,770.76,480.93,0.00,858.90,25000.00,401.50,776.36,481.90,0.00
4780,841.82,25000.00,389.37,749.76,477.29,0.00,837.33,25000.00,386.17,742.77,476.08,0.00,848.11,25000.00,393.84,759.56,478.99,0.00
4790,859.79,25000.00,402.13,777.76,482.14,0.00,858.90,25000.00,401.50,776.36,481.90,0.00,862.49,25000.00,404.05,781.96,482.87,0.00
4800,869.68,25000.00,409.16,793.15,484.81,0.00,869.68,25000.00,409.16,793.15,484.81,0.00,869.68,25000.00,409.16,793.15,484.81,0.00
4810,866.08,25000.00,406.60,787.55,483.84,0.00,862.49,25000.00,404.05,781.96,482.87,0.00,869.68,25000.00,409.16,793.15,484.81,0.00
4820,864.29,25000.00,405.33,784.76,483.36,0.00,862.49,25000.00,404.05,781.96,482.87,0.00,866.08,25000.00,406.60,787.55,483.84,0.00
4830,869.68,25000.00,409.16,793.15,484.81,0.00,869.68,25000.00,409.16,793.15,484.81,0.00,869.68,25000.00,409.16,793.15,484.81,0.00
4840,853.51,25000.00,397.67,767.96,480.45,0.00,851.71,25000.00,396.39,765.16,479.96,0.00,855.30,25000.00,398.94,770.76,480.93,0.00
4850,866.98,25000.00,407.24,788.95,484.09,0.00,866.08,25000.00,406.60,787.55,483.84,0.00,869.68,25000.00,409.16,793.15,484.81,0.00
4230,963.12,25000.00,475.55,938.71,500.00,0.00,963.12,25000.00,475.55,938.71,500.00,0.00,963.12,25000.00,475.55,938.71,500.00,0.00
4240,964.02,25000.00,476.19,940.11,500.00,0.00,963.12,25000.00,475.55,938.71,500.00,0.00,966.72,25000.00,478.11,944.31,500.00,0.00
4250,965.82,25000.00,477.47,942.91,500.00,0.00,963.12,25000.00,475.55,938.71,500.00,0.00,966.72,25000.00,478.11,944.31,500.00,0.00
4260,967.62,25000.00,478.75,945.71,500.00,0.00,966.72,25000.00,478.11,944.31,500.00,0.00,970.31,25000.00,480.66,949.91,500.00,0.00
4270,966.72,25000.00,478.11,944.31,500.00,0.00,966.72,25000.00,478.11,944.31,500.00,0.00,966.72,25000.00,478.11,944.31,500.00,0.00
4280,966.72,25000.00,478.11,944.31,500.00,0.00,966.72,25000.00,478.11,944.31,500.00,0.00,966.72,25000.00,478.11,944.31,500.00,0.00
4290,966.72,25000.00,478.11,944.31,500.00,0.00,966.72,25000.00,478.11,944.31,500.00,0.00,966.72,25000.00,478.11,944.31,500.00,0.00
4300,966.72,25000.00,478.11,944.31,500.00,0.00,966.72,25000.00,478.11,944.31,500.00,0.00,966.72,25000.00,478.11,944.31,500.00,0.00
4310,966.72,25000.00,478.11,944.31,500.00,0.00,966.72,25000.00,478.11,944.31,500.00,0.00,966.72,25000.00,478.11,944.31,500.00,0.00
4320,966.72,25000.00,478.11,944.31,500.00,0.00,966.72,25000.00,478.11,944.31,500.00,0.00,966.72,25000.00,478.11,944.31,500.00,0.00
4330,966.72,25000.00,478.11,944.31,500.00,0.00,966.72,25000.00,478.11,944.31,500.00,0.00,966.72,25000.00,478.11,944.31,500.00,0.00
4340,966.72,25000.00,478.11,944.31,500.00,0.00,966.72,25000.00,478.11,944.31,500.00,0.00,966.72,25000.00,478.11,944.31,500.00,0.00
4350,947.85,25000.00,464.70,914.92,500.00,0.00,934.37,25000.00,455.12,893.93,500.00,0.00,963.12,25000.00,475.55,938.71,500.00,0.00
4360,803.19,25000.00,361.91,689.58,466.86,0.00,787.01,25000.00,350.42,664.39,462.49,0.00,812.17,25000.00,368.30,703.58,469.29,0.00
4370,792.41,25000.00,354.25,672.79,463.95,0.00,787.01,25000.00,350.42,664.39,462.49,0.00,801.39,25000.00,360.64,686.78,466.38,0.00
4380,804.98,25000.00,363.19,692.38,467.35,0.00,801.39,25000.00,360.64,686.78,466.38,0.00,808.58,25000.00,365.74,697.98,468.32,0.00
4390,733.10,25000.00,312.12,580.41,447.94,0.00,722.32,25000.00,304.46,563.62,445.03,0.00,743.89,25000.00,319.78,597.21,450.85,0.00
4400,803.19,25000.00,361.91,689.58,466.86,0.00,797.80,25000.00,358.08,681.18,465.41,0.00,808.58,25000.00,365.74,697.98,468.32,0.00
4410,427.61,23225.24,95.05,107.80,365.45,0.00,352.13,21896.21,41.43,98.94,345.08,0.00,499.49,24490.98,146.13,216.51,384.86,0.00
4420,181.41,18890.07,0.00,0.00,298.98,0.00,107.73,17592.68,0.00,0.00,279.09,0.00,240.71,19934.31,0.00,0.00,314.99,0.00
4430,0.00,9840.01,0.00,0.00,160.21,0.00,0.00,8162.90,0.00,0.00,134.50,0.00,0.00,11960.13,0.00,0.00,192.72,0.00
4440,495.00,24411.87,142.94,209.51,383.65,0.00,463.55,23858.11,120.59,160.53,375.16,0.00,521.05,24870.71,161.45,250.10,390.68,0.00
4450,532.73,24982.82,169.75,268.30,393.84,0.00,524.65,24933.99,164.00,255.70,391.65,0.00,542.62,25000.00,176.77,283.69,396.51,0.00
4460,637.86,25000.00,245.08,434.85,422.71,0.00,625.28,25000.00,235.51,412.46,418.83,0.00,650.44,25000.00,255.94,457.24,426.59,0.00
4470,462.65,23748.04,119.95,159.13,374.92,0.00,366.51,22149.36,51.64,9.37,348.96,0.00,549.81,25000.00,181.88,294.89,398.45,0.00
4480,154.46,18415.42,0.00,0.00,291.70,0.00,143.67,18225.55,0.00,0.00,288.79,0.00,161.64,18541.99,0.00,0.00,293.64,0.00
4490,581.25,25000.00,204.22,343.88,406.94,0.00,546.21,25000.00,179.33,289.29,397.48,0.00,614.50,25000.00,227.85,395.66,415.91,0.00
4500,589.34,24065.83,209.97,373.72,409.12,0.00,316.19,21263.34,15.89,412.46,335.37,0.00,722.32,25000.00,304.46,563.62,445.03,0.00
4510,825.65,25000.00,379.15,727.37,473.41,0.00,808.58,25000.00,365.74,697.98,468.32,0.00,840.93,25000.00,388.73,748.37,477.05,0.00
4520,856.20,25000.00,399.58,772.16,481.17,0.00,855.30,25000.00,398.94,770.76,480.93,0.00,858.90,25000.00,401.50,776.36,481.90,0.00
4530,873.27,25000.00,411.71,798.75,485.78,0.00,873.27,25000.00,411.71,798.75,485.78,0.00,873.27,25000.00,411.71,798.75,485.78,0.00
4540,844.52,25000.00,391.28,753.96,478.02,0.00,844.52,25000.00,391.28,753.96,478.02,0.00,844.52,25000.00,391.28,753.96,478.02,0.00
3910,973.91,25000.00,483.21,955.51,500.00,0.00,973.91,25000.00,483.21,955.51,500.00,0.00,973.91,25000.00,483.21,955.51,500.00,0.00
3920,973.91,25000.00,483.21,955.51,500.00,0.00,973.91,25000.00,483.21,955.51,500.00,0.00,973.91,25000.00,483.21,955.51,500.00,0.00
3930,973.91,25000.00,483.21,955.51,500.00,0.00,973.91,25000.00,483.21,955.51,500.00,0.00,973.91,25000.00,483.21,955.51,500.00,0.00
3940,973.91,25000.00,483.21,955.51,500.00,0.00,973.91,25000.00,483.21,955.51,500.00,0.00,973.91,25000.00,483.21,955.51,500.00,0.00
3950,973.91,25000.00,483.21,955.51,500.00,0.00,973.91,25000.00,483.21,955.51,500.00,0.00,973.91,25000.00,483.21,955.51,500.00,0.00
3960,972.11,25000.00,481.94,952.71,500.00,0.00,970.31,25000.00,480.66,949.91,500.00,0.00,973.91,25000.00,483.21,955.51,500.00,0.00
3970,973.91,25000.00,483.21,955.51,500.00,0.00,973.91,25000.00,483.21,955.51,500.00,0.00,973.91,25000.00,483.21,955.51,500.00,0.00
3980,973.91,25000.00,483.21,955.51,500.00,0.00,973.91,25000.00,483.21,955.51,500.00,0.00,973.91,25000.00,483.21,955.51,500.00,0.00
3990,973.91,25000.00,483.21,955.51,500.00,0.00,973.91,25000.00,483.21,955.51,500.00,0.00,973.91,25000.00,483.21,955.51,500.00,0.00
4000,973.91,25000.00,483.21,955.51,500.00,0.00,973.91,25000.00,483.21,955.51,500.00,0.00,973.91,25000.00,483.21,955.51,500.00,0.00
4010,973.91,25000.00,483.21,955.51,500.00,0.00,973.91,25000.00,483.21,955.51,500.00,0.00,973.91,25000.00,483.21,955.51,500.00,0.00
4020,973.91,25000.00,483.21,955.51,500.00,0.00,973.91,25000.00,483.21,955.51,500.00,0.00,973.91,25000.00,483.21,955.51,500.00,0.00
4030,973.91,25000.00,483.21,955.51,500.00,0.00,973.91,25000.00,483.21,955.51,500.00,0.00,973.91,25000.00,483.21,955.51,500.00,0.00
4040,973.91,25000.00,483.21,955.51,500.00,0.00,973.91,25000.00,483.21,955.51,500.00,0.00,973.91,25000.00,483.21,955.51,500.00,0.00
4050,974.81,25000.00,484.49,958.31,500.00,0.00,973.91,25000.00,483.21,955.51,500.00,0.00,977.50,25000.00,485.77,961.11,500.00,0.00
4060,975.70,25000.00,484.49,958.31,500.00,0.00,973.91,25000.00,483.21,955.51,500.00,0.00,977.50,25000.00,485.77,961.11,500.00,0.00
4070,973.91,25000.00,483.21,955.51,500.00,0.00,973.91,25000.00,483.21,955.51,500.00,0.00,973.91,25000.00,483.21,955.51,500.00,0.00
4080,973.91,25000.00,483.21,955.51,500.00,0.00,973.91,25000.00,483.21,955.51,500.00,0.00,973.91,25000.00,483.21,955.51,500.00,0.00
4090,919.10,25000.00,444.27,870.13,498.07,0.00,909.21,25000.00,437.25,854.74,495.49,0.00,927.18,25000.00,450.02,882.73,500.00,0.00
4100,957.73,25000.00,471.08,928.92,500.00,0.00,955.94,25000.00,470.45,927.52,500.00,0.00,959.53,25000.00,473.00,933.11,500.00,0.00
4110,956.84,25000.00,471.08,928.92,500.00,0.00,955.94,25000.00,470.45,927.52,500.00,0.00,959.53,25000.00,473.00,933.11,500.00,0.00
4120,959.53,25000.00,473.00,933.11,500.00,0.00,959.53,25000.00,473.00,933.11,500.00,0.00,959.53,25000.00,473.00,933.11,500.00,0.00
4130,960.43,25000.00,474.28,937.31,500.00,0.00,959.53,25000.00,473.00,933.11,500.00,0.00,963.12,25000.00,475.55,938.71,500.00,0.00
4140,963.12,25000.00,475.55,938.71,500.00,0.00,963.12,25000.00,475.55,938.71,500.00,0.00,963.12,25000.00,475.55,938.71,500.00,0.00
4150,964.02,25000.00,476.19,940.11,500.00,0.00,963.12,25000.00,475.55,938.71,500.00,0.00,966.72,25000.00,478.11,944.31,500.00,0.00
4160,966.72,25000.00,478.11,944.31,500.00,0.00,966.72,25000.00,478.11,944.31,500.00,0.00,966.72,25000.00,478.11,944.31,500.00,0.00
4170,966.72,25000.00,478.11,944.31,500.00,0.00,966.72,25000.00,478.11,944.31,500.00,0.00,966.72,25000.00,478.11,944.31,500.00,0.00
4180,966.72,25000.00,478.11,944.31,500.00,0.00,966.72,25000.00,478.11,944.31,500.00,0.00,966.72,25000.00,478.11,944.31,500.00,0.00
4190,966.72,25000.00,478.11,944.31,500.00,0.00,966.72,25000.00,478.11,944.31,500.00,0.00,966.72,25000.00,478.11,944.31,500.00,0.00
4200,966.72,25000.00,478.11,944.31,500.00,0.00,966.72,25000.00,478.11,944.31,500.00,0.00,966.72,25000.00,478.11,944.31,500.00,0.00
4210,966.72,25000.00,478.11,944.31,500.00,0.00,966.72,25000.00,478.11,944.31,500.00,0.00,966.72,25000.00,478.11,944.31,500.00,0.00
4220,966.72,25000.00,478.11,944.31,500.00,0.00,966.72,25000.00,478.11,944.31,500.00,0.00,966.72,25000.00,478.11,944.31,500.00,0.00
3590,977.50,25000.00,485.77,961.11,500.00,0.00,977.50,25000.00,485.77,961.11,500.00,0.00,977.50,25000.00,485.77,961.11,500.00,0.00
3600,977.50,25000.00,485.77,961.11,500.00,0.00,977.50,25000.00,485.77,961.11,500.00,0.00,977.50,25000.00,485.77,961.11,500.00,0.00
3610,977.50,25000.00,485.77,961.11,500.00,0.00,977.50,25000.00,485.77,961.11,500.00,0.00,977.50,25000.00,485.77,961.11,500.00,0.00
3620,978.40,25000.00,486.41,962.51,500.00,0.00,977.50,25000.00,485.77,961.11,500.00,0.00,981.10,25000.00,488.32,966.71,500.00,0.00
3630,981.10,25000.00,488.32,966.71,500.00,0.00,981.10,25000.00,488.32,966.71,500.00,0.00,981.10,25000.00,488.32,966.71,500.00,0.00
3640,980.20,25000.00,488.32,966.71,500.00,0.00,977.50,25000.00,488.32,966.71,500.00,0.00,981.10,25000.00,488.32,966.71,500.00,0.00
3650,979.30,25000.00,487.05,963.91,500.00,0.00,977.50,25000.00,485.77,961.11,500.00,0.00,981.10,25000.00,488.32,966.71,500.00,0.00
3660,977.50,25000.00,485.77,961.11,500.00,0.00,977.50,25000.00,485.77,961.11,500.00,0.00,977.50,25000.00,485.77,961.11,500.00,0.00
3670,977.50,25000.00,485.77,961.11,500.00,0.00,977.50,25000.00,485.77,961.11,500.00,0.00,977.50,25000.00,485.77,961.11,500.00,0.00
3680,977.50,25000.00,485.77,961.11,500.00,0.00,977.50,25000.00,485.77,961.11,500.00,0.00,977.50,25000.00,485.77,961.11,500.00,0.00
3690,977.50,25000.00,485.77,961.11,500.00,0.00,977.50,25000.00,485.77,961.11,500.00,0.00,977.50,25000.00,485.77,961.11,500.00,0.00
3700,977.50,25000.00,485.77,961.11,500.00,0.00,977.50,25000.00,485.77,961.11,500.00,0.00,977.50,25000.00,485.77,961.11,500.00,0.00
3710,977.50,25000.00,485.77,961.11,500.00,0.00,977.50,25000.00,485.77,961.11,500.00,0.00,977.50,25000.00,485.77,961.11,500.00,0.00
3720,976.60,25000.00,485.13,959.71,500.00,0.00,973.91,25000.00,483.21,955.51,500.00,0.00,977.50,25000.00,485.77,961.11,500.00,0.00
3730,977.50,25000.00,485.77,961.11,500.00,0.00,977.50,25000.00,485.77,961.11,500.00,0.00,977.50,25000.00,485.77,961.11,500.00,0.00
3740,977.50,25000.00,485.77,961.11,500.00,0.00,977.50,25000.00,485.77,961.11,500.00,0.00,977.50,25000.00,485.77,961.11,500.00,0.00
3750,977.50,25000.00,485.77,961.11,500.00,0.00,977.50,25000.00,485.77,961.11,500.00,0.00,977.50,25000.00,485.77,961.11,500.00,0.00
3760,977.50,25000.00,485.77,961.11,500.00,0.00,977.50,25000.00,485.77,961.11,500.00,0.00,977.50,25000.00,485.77,961.11,500.00,0.00
3770,977.50,25000.00,485.77,961.11,500.00,0.00,977.50,25000.00,485.77,961.11,500.00,0.00,977.50,25000.00,485.77,961.11,500.00,0.00
3780,977.50,25000.00,485.77,961.11,500.00,0.00,977.50,25000.00,485.77,961.11,500.00,0.00,977.50,25000.00,485.77,961.11,500.00,0.00
3790,977.50,25000.00,485.77,961.11,500.00,0.00,977.50,25000.00,485.77,961.11,500.00,0.00,977.50,25000.00,485.77,961.11,500.00,0.00
3800,979.30,25000.00,487.05,963.91,500.00,0.00,977.50,25000.00,485.77,961.11,500.00,0.00,981.10,25000.00,488.32,966.71,500.00,0.00
3810,978.40,25000.00,486.41,962.51,500.00,0.00,977.50,25000.00,485.77,961.11,500.00,0.00,981.10,25000.00,488.32,966.71,500.00,0.00
3820,977.50,25000.00,485.77,961.11,500.00,0.00,977.50,25000.00,485.77,961.11,500.00,0.00,977.50,25000.00,485.77,961.11,500.00,0.00
3830,977.50,25000.00,485.77,961.11,500.00,0.00,977.50,25000.00,485.77,961.11,500.00,0.00,977.50,25000.00,485.77,961.11,500.00,0.00
3840,977.50,25000.00,485.77,961.11,500.00,0.00,977.50,25000.00,485.77,961.11,500.00,0.00,977.50,25000.00,485.77,961.11,500.00,0.00
3850,977.50,25000.00,485.77,961.11,500.00,0.00,977.50,25000.00,485.77,961.11,500.00,0.00,977.50,25000.00,485.77,961.11,500.00,0.00
3860,977.50,25000.00,485.77,961.11,500.00,0.00,977.50,25000.00,485.77,961.11,500.00,0.00,977.50,25000.00,485.77,961.11,500.00,0.00
3870,977.50,25000.00,485.77,961.11,500.00,0.00,977.50,25000.00,485.77,961.11,500.00,0.00,977.50,25000.00,485.77,961.11,500.00,0.00
3880,977.50,25000.00,485.77,961.11,500.00,0.00,977.50,25000.00,485.77,961.11,500.00,0.00,977.50,25000.00,485.77,961.11,500.00,0.00
3890,977.50,25000.00,485.77,961.11,500.00,0.00,977.50,25000.00,485.77,961.11,500.00,0.00,977.50,25000.00,485.77,961.11,500.00,0.00
3900,976.60,25000.00,485.13,959.71,500.00,0.00,973.91,25000.00,483.21,955.51,500.00,0.00,977.50,25000.00,485.77,961.11,500.00,0.00
3260,981.10,25000.00,488.32,966.71,500.00,0.00,981.10,25000.00,488.32,966.71,500.00,0.00,981.10,25000.00,488.32,966.71,500.00,0.00
3270,978.40,25000.00,486.41,962.51,500.00,0.00,977.50,25000.00,485.77,961.11,500.00,0.00,981.10,25000.00,488.32,966.71,500.00,0.00
3280,977.50,25000.00,485.77,961.11,500.00,0.00,977.50,25000.00,485.77,961.11,500.00,0.00,977.50,25000.00,485.77,961.11,500.00,0.00
3290,977.50,25000.00,485.77,961.11,500.00,0.00,977.50,25000.00,485.77,961.11,500.00,0.00,977.50,25000.00,485.77,961.11,500.00,0.00
3300,977.50,25000.00,485.77,961.11,500.00,0.00,977.50,25000.00,485.77,961.11,500.00,0.00,977.50,25000.00,485.77,961.11,500.00,0.00
3310,975.70,25000.00,484.49,958.31,500.00,0.00,973.91,25000.00,483.21,955.51,500.00,0.00,977.50,25000.00,485.77,961.11,500.00,0.00
3320,973.91,25000.00,483.21,955.51,500.00,0.00,973.91,25000.00,483.21,955.51,500.00,0.00,973.91,25000.00,483.21,955.51,500.00,0.00
3330,973.91,25000.00,483.21,955.51,500.00,0.00,973.91,25000.00,483.21,955.51,500.00,0.00,973.91,25000.00,483.21,955.51,500.00,0.00
3340,973.91,25000.00,483.21,955.51,500.00,0.00,973.91,25000.00,483.21,955.51,500.00,0.00,973.91,25000.00,483.21,955.51,500.00,0.00
3350,973.91,25000.00,483.21,955.51,500.00,0.00,973.91,25000.00,483.21,955.51,500.00,0.00,973.91,25000.00,483.21,955.51,500.00,0.00
3360,974.81,25000.00,483.85,956.91,500.00,0.00,973.91,25000.00,483.21,955.51,500.00,0.00,977.50,25000.00,485.77,961.11,500.00,0.00
3370,977.50,25000.00,485.77,961.11,500.00,0.00,977.50,25000.00,485.77,961.11,500.00,0.00,977.50,25000.00,485.77,961.11,500.00,0.00
3380,977.50,25000.00,485.77,961.11,500.00,0.00,977.50,25000.00,485.77,961.11,500.00,0.00,977.50,25000.00,485.77,961.11,500.00,0.00
3390,977.50,25000.00,485.77,961.11,500.00,0.00,977.50,25000.00,485.77,961.11,500.00,0.00,977.50,25000.00,485.77,961.11,500.00,0.00
3400,977.50,25000.00,485.77,961.11,500.00,0.00,977.50,25000.00,485.77,961.11,500.00,0.00,977.50,25000.00,485.77,961.11,500.00,0.00
3410,980.20,25000.00,487.68,965.31,500.00,0.00,977.50,25000.00,485.77,961.11,500.00,0.00,981.10,25000.00,488.32,966.71,500.00,0.00
3420,977.50,25000.00,485.77,961.11,500.00,0.00,977.50,25000.00,485.77,961.11,500.00,0.00,977.50,25000.00,485.77,961.11,500.00,0.00
3430,980.20,25000.00,487.68,965.31,500.00,0.00,977.50,25000.00,485.77,961.11,500.00,0.00,981.10,25000.00,488.32,966.71,500.00,0.00
3440,979.30,25000.00,487.05,965.31,500.00,0.00,977.50,25000.00,485.77,961.11,500.00,0.00,981.10,25000.00,488.32,966.71,500.00,0.00
3450,981.10,25000.00,488.32,966.71,500.00,0.00,981.10,25000.00,488.32,966.71,500.00,0.00,981.10,25000.00,488.32,966.71,500.00,0.00
3460,981.10,25000.00,488.32,966.71,500.00,0.00,981.10,25000.00,488.32,966.71,500.00,0.00,981.10,25000.00,488.32,966.71,500.00,0.00
3470,980.20,25000.00,487.68,965.31,500.00,0.00,977.50,25000.00,485.77,961.11,500.00,0.00,981.10,25000.00,488.32,966.71,500.00,0.00
3480,981.10,25000.00,488.32,966.71,500.00,0.00,981.10,25000.00,488.32,966.71,500.00,0.00,981.10,25000.00,488.32,966.71,500.00,0.00
3490,980.20,25000.00,487.68,965.31,500.00,0.00,977.50,25000.00,485.77,961.11,500.00,0.00,981.10,25000.00,488.32,966.71,500.00,0.00
3500,980.20,25000.00,487.68,965.31,500.00,0.00,977.50,25000.00,485.77,961.11,500.00,0.00,981.10,25000.00,488.32,966.71,500.00,0.00
3510,980.20,25000.00,487.68,965.31,500.00,0.00,977.50,25000.00,485.77,961.11,500.00,0.00,981.10,25000.00,488.32,966.71,500.00,0.00
3520,979.30,25000.00,487.05,963.91,500.00,0.00,977.50,25000.00,485.77,961.11,500.00,0.00,981.10,25000.00,488.32,966.71,500.00,0.00
3530,980.20,25000.00,487.68,965.31,500.00,0.00,977.50,25000.00,485.77,961.11,500.00,0.00,981.10,25000.00,488.32,966.71,500.00,0.00
3540,977.50,25000.00,486.41,962.51,500.00,0.00,977.50,25000.00,485.77,961.11,500.00,0.00,977.50,25000.00,488.32,966.71,500.00,0.00
3550,977.50,25000.00,485.77,961.11,500.00,0.00,977.50,25000.00,485.77,961.11,500.00,0.00,977.50,25000.00,485.77,961.11,500.00,0.00
3560,977.50,25000.00,485.77,961.11,500.00,0.00,977.50,25000.00,485.77,961.11,500.00,0.00,977.50,25000.00,485.77,961.11,500.00,0.00
3570,977.50,25000.00,485.77,961.11,500.00,0.00,977.50,25000.00,485.77,961.11,500.00,0.00,977.50,25000.00,485.77,961.11,500.00,0.00
3580,977.50,25000.00,485.77,961.11,500.00,0.00,977.50,25000.00,485.77,961.11,500.00,0.00,977.50,25000.00,485.77,961.11,500.00,0.00
2920,981.10,25000.00,488.32,966.71,500.00,0.00,981.10,25000.00,488.32,966.71,500.00,0.00,981.10,25000.00,488.32,966.71,500.00,0.00
2930,981.10,25000.00,488.32,966.71,500.00,0.00,981.10,25000.00,488.32,966.71,500.00,0.00,981.10,25000.00,488.32,966.71,500.00,0.00
2940,981.99,25000.00,488.96,968.11,500.00,0.00,981.10,25000.00,488.32,966.71,500.00,0.00,984.69,25000.00,490.88,972.30,500.00,0.00
2950,981.10,25000.00,488.32,966.71,500.00,0.00,981.10,25000.00,488.32,966.71,500.00,0.00,981.10,25000.00,488.32,966.71,500.00,0.00
2960,981.10,25000.00,488.32,966.71,500.00,0.00,981.10,25000.00,488.32,966.71,500.00,0.00,981.10,25000.00,488.32,966.71,500.00,0.00
2970,981.10,25000.00,488.32,966.71,500.00,0.00,981.10,25000.00,488.32,966.71,500.00,0.00,981.10,25000.00,488.32,966.71,500.00,0.00
2980,981.10,25000.00,488.32,966.71,500.00,0.00,981.10,25000.00,488.32,966.71,500.00,0.00,981.10,25000.00,488.32,966.71,500.00,0.00
2990,981.10,25000.00,488.32,966.71,500.00,0.00,981.10,25000.00,488.32,966.71,500.00,0.00,981.10,25000.00,488.32,966.71,500.00,0.00
3000,981.99,25000.00,488.96,968.11,500.00,0.00,981.10,25000.00,488.32,966.71,500.00,0.00,984.69,25000.00,490.88,972.30,500.00,0.00
3010,983.79,25000.00,488.96,968.11,500.00,0.00,981.10,25000.00,488.32,966.71,500.00,0.00,984.69,25000.00,490.88,972.30,500.00,0.00
3020,982.89,25000.00,489.60,969.51,500.00,0.00,981.10,25000.00,488.32,966.71,500.00,0.00,984.69,25000.00,490.88,972.30,500.00,0.00
3030,981.99,25000.00,488.96,968.11,500.00,0.00,981.10,25000.00,488.32,966.71,500.00,0.00,984.69,25000.00,490.88,972.30,500.00,0.00
3040,981.10,25000.00,488.32,966.71,500.00,0.00,981.10,25000.00,488.32,966.71,500.00,0.00,981.10,25000.00,488.32,966.71,500.00,0.00
3050,981.10,25000.00,488.32,966.71,500.00,0.00,981.10,25000.00,488.32,966.71,500.00,0.00,981.10,25000.00,488.32,966.71,500.00,0.00
3060,981.10,25000.00,488.32,966.71,500.00,0.00,981.10,25000.00,488.32,966.71,500.00,0.00,981.10,25000.00,488.32,966.71,500.00,0.00
3070,981.10,25000.00,488.32,966.71,500.00,0.00,981.10,25000.00,488.32,966.71,500.00,0.00,981.10,25000.00,488.32,966.71,500.00,0.00
3080,981.10,25000.00,488.32,966.71,500.00,0.00,981.10,25000.00,488.32,966.71,500.00,0.00,981.10,25000.00,488.32,966.71,500.00,0.00
3090,981.10,25000.00,488.32,966.71,500.00,0.00,981.10,25000.00,488.32,966.71,500.00,0.00,981.10,25000.00,488.32,966.71,500.00,0.00
3100,981.10,25000.00,488.32,966.71,500.00,0.00,981.10,25000.00,488.32,966.71,500.00,0.00,981.10,25000.00,488.32,966.71,500.00,0.00
3110,981.10,25000.00,488.32,966.71,500.00,0.00,981.10,25000.00,488.32,966.71,500.00,0.00,981.10,25000.00,488.32,966.71,500.00,0.00
3120,981.10,25000.00,488.32,966.71,500.00,0.00,981.10,25000.00,488.32,966.71,500.00,0.00,981.10,25000.00,488.32,966.71,500.00,0.00
3130,981.10,25000.00,488.32,966.71,500.00,0.00,981.10,25000.00,488.32,966.71,500.00,0.00,981.10,25000.00,488.32,966.71,500.00,0.00
3140,981.10,25000.00,488.32,966.71,500.00,0.00,981.10,25000.00,488.32,966.71,500.00,0.00,981.10,25000.00,488.32,966.71,500.00,0.00
3150,981.10,25000.00,488.32,966.71,500.00,0.00,981.10,25000.00,488.32,966.71,500.00,0.00,981.10,25000.00,488.32,966.71,500.00,0.00
3160,981.10,25000.00,488.32,966.71,500.00,0.00,981.10,25000.00,488.32,966.71,500.00,0.00,981.10,25000.00,488.32,966.71,500.00,0.00
3170,981.10,25000.00,488.32,966.71,500.00,0.00,981.10,25000.00,488.32,966.71,500.00,0.00,981.10,25000.00,488.32,966.71,500.00,0.00
3180,981.10,25000.00,488.32,966.71,500.00,0.00,981.10,25000.00,488.32,966.71,500.00,0.00,981.10,25000.00,488.32,966.71,500.00,0.00
3190,981.10,25000.00,488.32,966.71,500.00,0.00,981.10,25000.00,488.32,966.71,500.00,0.00,981.10,25000.00,488.32,966.71,500.00,0.00
3200,981.10,25000.00,488.32,966.71,500.00,0.00,981.10,25000.00,488.32,966.71,500.00,0.00,981.10,25000.00,488.32,966.71,500.00,0.00
3210,980.20,25000.00,488.32,966.71,500.00,0.00,977.50,25000.00,488.32,966.71,500.00,0.00,981.10,25000.00,488.32,966.71,500.00,0.00
3220,981.10,25000.00,488.32,966.71,500.00,0.00,981.10,25000.00,488.32,966.71,500.00,0.00,981.10,25000.00,488.32,966.71,500.00,0.00
3230,981.10,25000.00,488.32,966.71,500.00,0.00,981.10,25000.00,488.32,966.71,500.00,0.00,981.10,25000.00,488.32,966.71,500.00,0.00
3240,981.10,25000.00,488.32,966.71,500.00,0.00,981.10,25000.00,488.32,966.71,500.00,0.00,981.10,25000.00,488.32,966.71,500.00,0.00
3250,981.10,25000.00,488.32,966.71,500.00,0.00,981.10,25000.00,488.32,966.71,500.00,0.00,981.10,25000.00,488.32,966.71,500.00,0.00

2620,984.69,25000.00,490.88,972.30,500.00,0.00,984.69,25000.00,490.88,972.30,500.00,0.00,984.69,25000.00,490.88,972.30,500.00,0.00
2630,984.69,25000.00,490.88,972.30,500.00,0.00,984.69,25000.00,490.88,972.30,500.00,0.00,984.69,25000.00,490.88,972.30,500.00,0.00
2640,984.69,25000.00,490.88,972.30,500.00,0.00,984.69,25000.00,490.88,972.30,500.00,0.00,984.69,25000.00,490.88,972.30,500.00,0.00
2650,984.69,25000.00,490.88,972.30,500.00,0.00,984.69,25000.00,490.88,972.30,500.00,0.00,984.69,25000.00,490.88,972.30,500.00,0.00
2660,984.69,25000.00,490.88,972.30,500.00,0.00,984.69,25000.00,490.88,972.30,500.00,0.00,984.69,25000.00,490.88,972.30,500.00,0.00
2670,984.69,25000.00,490.88,972.30,500.00,0.00,984.69,25000.00,490.88,972.30,500.00,0.00,984.69,25000.00,490.88,972.30,500.00,0.00
2680,984.69,25000.00,490.88,972.30,500.00,0.00,984.69,25000.00,490.88,972.30,500.00,0.00,984.69,25000.00,490.88,972.30,500.00,0.00
2690,984.69,25000.00,490.88,972.30,500.00,0.00,984.69,25000.00,490.88,972.30,500.00,0.00,984.69,25000.00,490.88,972.30,500.00,0.00
2700,984.69,25000.00,490.88,972.30,500.00,0.00,984.69,25000.00,490.88,972.30,500.00,0.00,984.69,25000.00,490.88,972.30,500.00,0.00
2710,984.69,25000.00,490.88,972.30,500.00,0.00,984.69,25000.00,490.88,972.30,500.00,0.00,984.69,25000.00,490.88,972.30,500.00,0.00
2720,982.89,25000.00,489.60,969.51,500.00,0.00,981.10,25000.00,488.32,966.71,500.00,0.00,984.69,25000.00,490.88,972.30,500.00,0.00
2730,982.89,25000.00,489.60,969.51,500.00,0.00,981.10,25000.00,488.32,966.71,500.00,0.00,984.69,25000.00,490.88,972.30,500.00,0.00
2740,981.10,25000.00,488.32,966.71,500.00,0.00,981.10,25000.00,488.32,966.71,500.00,0.00,981.10,25000.00,488.32,966.71,500.00,0.00
2750,981.10,25000.00,488.32,966.71,500.00,0.00,981.10,25000.00,488.32,966.71,500.00,0.00,981.10,25000.00,488.32,966.71,500.00,0.00
2760,981.10,25000.00,488.32,966.71,500.00,0.00,981.10,25000.00,488.32,966.71,500.00,0.00,981.10,25000.00,488.32,966.71,500.00,0.00
2770,980.20,25000.00,487.68,965.31,500.00,0.00,977.50,25000.00,485.77,961.11,500.00,0.00,981.10,25000.00,488.32,966.71,500.00,0.00
2780,980.20,25000.00,487.68,965.31,500.00,0.00,977.50,25000.00,485.77,961.11,500.00,0.00,981.10,25000.00,488.32,966.71,500.00,0.00
2790,980.20,25000.00,487.68,965.31,500.00,0.00,977.50,25000.00,485.77,961.11,500.00,0.00,981.10,25000.00,488.32,966.71,500.00,0.00
2800,980.20,25000.00,487.68,965.31,500.00,0.00,977.50,25000.00,485.77,961.11,500.00,0.00,981.10,25000.00,488.32,966.71,500.00,0.00
2810,980.20,25000.00,487.68,966.71,500.00,0.00,977.50,25000.00,485.77,966.71,500.00,0.00,981.10,25000.00,488.32,966.71,500.00,0.00
2820,980.20,25000.00,487.68,965.31,500.00,0.00,977.50,25000.00,485.77,961.11,500.00,0.00,981.10,25000.00,488.32,966.71,500.00,0.00
2830,980.20,25000.00,487.68,965.31,500.00,0.00,977.50,25000.00,485.77,961.11,500.00,0.00,981.10,25000.00,488.32,966.71,500.00,0.00
2840,981.10,25000.00,488.32,966.71,500.00,0.00,981.10,25000.00,488.32,966.71,500.00,0.00,981.10,25000.00,488.32,966.71,500.00,0.00
2850,981.10,25000.00,488.32,966.71,500.00,0.00,981.10,25000.00,488.32,966.71,500.00,0.00,981.10,25000.00,488.32,966.71,500.00,0.00
2860,981.10,25000.00,488.32,966.71,500.00,0.00,981.10,25000.00,488.32,966.71,500.00,0.00,981.10,25000.00,488.32,966.71,500.00,0.00
2870,981.10,25000.00,488.32,966.71,500.00,0.00,981.10,25000.00,488.32,966.71,500.00,0.00,981.10,25000.00,488.32,966.71,500.00,0.00
2880,981.10,25000.00,488.32,966.71,500.00,0.00,981.10,25000.00,488.32,966.71,500.00,0.00,981.10,25000.00,488.32,966.71,500.00,0.00
2890,983.79,25000.00,490.24,970.90,500.00,0.00,981.10,25000.00,488.32,966.71,500.00,0.00,984.69,25000.00,490.88,972.30,500.00,0.00
2900,983.79,25000.00,490.24,970.90,500.00,0.00,981.10,25000.00,488.32,966.71,500.00,0.00,984.69,25000.00,490.88,972.30,500.00,0.00
2910,982.89,25000.00,490.24,970.90,500.00,0.00,981.10,25000.00,488.32,966.71,500.00,0.00,984.69,25000.00,490.88,972.30,500.00,0.00
2340,1000.00,25000.00,500.00,1000.00,500.00,0.00,1000.00,25000.00,500.00,1000.00,500.00,0.00,1000.00,25000.00,500.00,1000.00,500.00,0.00
2350,1000.00,25000.00,500.00,1000.00,500.00,0.00,1000.00,25000.00,500.00,1000.00,500.00,0.00,1000.00,25000.00,500.00,1000.00,500.00,0.00
2360,1000.00,25000.00,500.00,1000.00,500.00,0.00,1000.00,25000.00,500.00,1000.00,500.00,0.00,1000.00,25000.00,500.00,1000.00,500.00,0.00
2370,1000.00,25000.00,500.00,1000.00,500.00,0.00,1000.00,25000.00,500.00,1000.00,500.00,0.00,1000.00,25000.00,500.00,1000.00,500.00,0.00
2380,1000.00,25000.00,500.00,1000.00,500.00,0.00,1000.00,25000.00,500.00,1000.00,500.00,0.00,1000.00,25000.00,500.00,1000.00,500.00,0.00
2390,1000.00,25000.00,500.00,1000.00,500.00,0.00,1000.00,25000.00,500.00,1000.00,500.00,0.00,1000.00,25000.00,500.00,1000.00,500.00,0.00
2400,1000.00,25000.00,500.00,1000.00,500.00,0.00,1000.00,25000.00,500.00,1000.00,500.00,0.00,1000.00,25000.00,500.00,1000.00,500.00,0.00
2410,1000.00,25000.00,500.00,1000.00,500.00,0.00,1000.00,25000.00,500.00,1000.00,500.00,0.00,1000.00,25000.00,500.00,1000.00,500.00,0.00
2420,1000.00,25000.00,500.00,1000.00,500.00,0.00,1000.00,25000.00,500.00,1000.00,500.00,0.00,1000.00,25000.00,500.00,1000.00,500.00,0.00
2430,1000.00,25000.00,500.00,1000.00,500.00,0.00,1000.00,25000.00,500.00,1000.00,500.00,0.00,1000.00,25000.00,500.00,1000.00,500.00,0.00
2440,1000.00,25000.00,500.00,1000.00,500.00,0.00,1000.00,25000.00,500.00,1000.00,500.00,0.00,1000.00,25000.00,500.00,1000.00,500.00,0.00
2450,1000.00,25000.00,500.00,1000.00,500.00,0.00,1000.00,25000.00,500.00,1000.00,500.00,0.00,1000.00,25000.00,500.00,1000.00,500.00,0.00
2460,1000.00,25000.00,500.00,1000.00,500.00,0.00,1000.00,25000.00,500.00,1000.00,500.00,0.00,1000.00,25000.00,500.00,1000.00,500.00,0.00
2470,1000.00,25000.00,500.00,1000.00,500.00,0.00,1000.00,25000.00,500.00,1000.00,500.00,0.00,1000.00,25000.00,500.00,1000.00,500.00,0.00
2480,958.63,25000.00,472.36,931.72,500.00,0.00,955.94,25000.00,470.45,927.52,500.00,0.00,963.12,25000.00,475.55,938.71,500.00,0.00
2490,987.38,25000.00,492.79,976.50,500.00,0.00,984.69,25000.00,490.88,972.30,500.00,0.00,988.28,25000.00,493.43,977.90,500.00,0.00
2500,984.69,25000.00,490.88,972.30,500.00,0.00,984.69,25000.00,490.88,972.30,500.00,0.00,984.69,25000.00,490.88,972.30,500.00,0.00
2510,984.69,25000.00,490.88,972.30,500.00,0.00,984.69,25000.00,490.88,972.30,500.00,0.00,984.69,25000.00,490.88,972.30,500.00,0.00
2520,984.69,25000.00,490.88,972.30,500.00,0.00,984.69,25000.00,490.88,972.30,500.00,0.00,984.69,25000.00,490.88,972.30,500.00,0.00
2530,984.69,25000.00,490.88,972.30,500.00,0.00,984.69,25000.00,490.88,972.30,500.00,0.00,984.69,25000.00,490.88,972.30,500.00,0.00
2540,984.69,25000.00,490.88,972.30,500.00,0.00,984.69,25000.00,490.88,972.30,500.00,0.00,984.69,25000.00,490.88,972.30,500.00,0.00
2550,986.49,25000.00,492.15,975.10,500.00,0.00,984.69,25000.00,490.88,972.30,500.00,0.00,988.28,25000.00,493.43,977.90,500.00,0.00
2560,984.69,25000.00,490.88,972.30,500.00,0.00,984.69,25000.00,490.88,972.30,500.00,0.00,984.69,25000.00,490.88,972.30,500.00,0.00
2570,984.69,25000.00,490.88,972.30,500.00,0.00,984.69,25000.00,490.88,972.30,500.00,0.00,984.69,25000.00,490.88,972.30,500.00,0.00
2580,984.69,25000.00,490.88,972.30,500.00,0.00,984.69,25000.00,490.88,972.30,500.00,0.00,984.69,25000.00,490.88,972.30,500.00,0.00
2590,984.69,25000.00,490.88,972.30,500.00,0.00,984.69,25000.00,490.88,972.30,500.00,0.00,984.69,25000.00,490.88,972.30,500.00,0.00
2600,984.69,25000.00,490.88,972.30,500.00,0.00,984.69,25000.00,490.88,972.30,500.00,0.00,984.69,25000.00,490.88,972.30,500.00,0.00
2610,984.69,25000.00,490.88,972.30,500.00,0.00,984.69,25000.00,490.88,972.30,500.00,0.00,984.69,25000.00,490.88,972.30,500.00,0.00
1380,965.82,25000.00,476.83,941.51,500.00,0.00,963.12,25000.00,475.55,938.71,500.00,0.00,966.72,25000.00,478.11,944.31,500.00,0.00
1390,963.12,25000.00,475.55,938.71,500.00,0.00,963.12,25000.00,475.55,938.71,500.00,0.00,963.12,25000.00,475.55,938.71,500.00,0.00
1400,963.12,25000.00,475.55,938.71,500.00,0.00,963.12,25000.00,475.55,938.71,500.00,0.00,963.12,25000.00,475.55,938.71,500.00,0.00
1410,963.12,25000.00,475.55,938.71,500.00,0.00,963.12,25000.00,475.55,938.71,500.00,0.00,963.12,25000.00,475.55,938.71,500.00,0.00
1420,964.92,25000.00,476.83,941.51,500.00,0.00,963.12,25000.00,475.55,938.71,500.00,0.00,966.72,25000.00,478.11,944.31,500.00,0.00
1430,964.02,25000.00,476.19,940.11,500.00,0.00,963.12,25000.00,475.55,938.71,500.00,0.00,966.72,25000.00,478.11,944.31,500.00,0.00
1440,964.02,25000.00,477.47,942.91,500.00,0.00,963.12,25000.00,475.55,938.71,500.00,0.00,966.72,25000.00,478.11,944.31,500.00,0.00
1450,964.02,25000.00,476.19,940.11,500.00,0.00,963.12,25000.00,475.55,938.71,500.00,0.00,966.72,25000.00,478.11,944.31,500.00,0.00
1460,964.02,25000.00,476.19,940.11,500.00,0.00,963.12,25000.00,475.55,938.71,500.00,0.00,966.72,25000.00,478.11,944.31,500.00,0.00
1470,963.12,25000.00,475.55,938.71,500.00,0.00,963.12,25000.00,475.55,938.71,500.00,0.00,963.12,25000.00,475.55,938.71,500.00,0.00
1480,963.12,25000.00,475.55,938.71,500.00,0.00,963.12,25000.00,475.55,938.71,500.00,0.00,963.12,25000.00,475.55,938.71,500.00,0.00
1490,963.12,25000.00,475.55,938.71,500.00,0.00,963.12,25000.00,475.55,938.71,500.00,0.00,963.12,25000.00,475.55,938.71,500.00,0.00
1500,935.27,25000.00,455.76,895.33,500.00,0.00,934.37,25000.00,455.12,893.93,500.00,0.00,937.97,25000.00,457.68,899.52,500.00,0.00
1510,872.37,25000.00,411.07,797.35,485.54,0.00,862.49,25000.00,404.05,781.96,482.87,0.00,884.05,25000.00,419.37,815.55,488.69,0.00
1520,949.65,25000.00,465.98,917.72,500.00,0.00,948.75,25000.00,465.34,916.32,500.00,0.00,952.34,25000.00,467.89,921.92,500.00,0.00
1530,907.42,25000.00,435.97,851.94,495.00,0.00,894.84,25000.00,427.03,832.34,491.61,0.00,920.00,25000.00,444.91,871.53,498.40,0.00
1540,960.43,25000.00,473.64,935.91,500.00,0.00,959.53,25000.00,473.00,933.11,500.00,0.00,963.12,25000.00,475.55,938.71,500.00,0.00
1550,953.24,25000.00,468.53,923.32,500.00,0.00,945.15,25000.00,462.79,910.72,500.00,0.00,959.53,25000.00,473.00,933.11,500.00,0.00
1560,963.12,25000.00,475.55,938.71,500.00,0.00,963.12,25000.00,475.55,938.71,500.00,0.00,963.12,25000.00,475.55,938.71,500.00,0.00
1570,966.72,25000.00,478.11,944.31,500.00,0.00,966.72,25000.00,478.11,944.31,500.00,0.00,966.72,25000.00,478.11,944.31,500.00,0.00
1580,970.31,25000.00,480.66,949.91,500.00,0.00,970.31,25000.00,480.66,949.91,500.00,0.00,970.31,25000.00,480.66,949.91,500.00,0.00
1590,973.91,25000.00,483.21,955.51,500.00,0.00,973.91,25000.00,483.21,955.51,500.00,0.00,973.91,25000.00,483.21,955.51,500.00,0.00
1600,977.50,25000.00,485.77,961.11,500.00,0.00,977.50,25000.00,485.77,961.11,500.00,0.00,977.50,25000.00,485.77,961.11,500.00,0.00
1610,981.99,25000.00,488.96,968.11,500.00,0.00,981.10,25000.00,488.32,966.71,500.00,0.00,984.69,25000.00,490.88,972.30,500.00,0.00
1620,981.10,25000.00,488.32,966.71,500.00,0.00,981.10,25000.00,488.32,966.71,500.00,0.00,981.10,25000.00,488.32,966.71,500.00,0.00
1630,983.79,25000.00,490.24,970.90,500.00,0.00,981.10,25000.00,488.32,966.71,500.00,0.00,984.69,25000.00,490.88,972.30,500.00,0.00
1640,985.59,25000.00,491.51,973.70,500.00,0.00,984.69,25000.00,490.88,972.30,500.00,0.00,988.28,25000.00,493.43,977.90,500.00,0.00
1650,988.28,25000.00,493.43,977.90,500.00,0.00,988.28,25000.00,493.43,977.90,500.00,0.00,988.28,25000.00,493.43,977.90,500.00,0.00
1660,990.08,25000.00,495.34,982.10,500.00,0.00,988.28,25000.00,493.43,977.90,500.00,0.00,991.88,25000.00,495.98,983.50,500.00,0.00
1670,991.88,25000.00,495.98,983.50,500.00,0.00,991.88,25000.00,495.98,983.50,500.00,0.00,991.88,25000.00,495.98,983.50,500.00,0.00
1680,994.57,25000.00,497.90,987.70,500.00,0.00,991.88,25000.00,495.98,983.50,500.00,0.00,995.47,25000.00,498.54,989.10,500.00,0.00
1690,995.47,25000.00,498.54,989.10,500.00,0.00,995.47,25000.00,498.54,989.10,500.00,0.00,995.47,25000.00,498.54,989.10,500.00,0.00

1060,981.10,25000.00,488.32,966.71,500.00,0.00,981.10,25000.00,488.32,966.71,500.00,0.00,981.10,25000.00,488.32,966.71,500.00,0.00
1070,981.99,25000.00,488.96,968.11,500.00,0.00,981.10,25000.00,488.32,966.71,500.00,0.00,984.69,25000.00,490.88,972.30,500.00,0.00
1080,981.10,25000.00,488.32,966.71,500.00,0.00,981.10,25000.00,488.32,966.71,500.00,0.00,981.10,25000.00,488.32,966.71,500.00,0.00
1090,980.20,25000.00,487.68,965.31,500.00,0.00,977.50,25000.00,485.77,961.11,500.00,0.00,981.10,25000.00,488.32,966.71,500.00,0.00
1100,981.99,25000.00,488.96,968.11,500.00,0.00,981.10,25000.00,488.32,966.71,500.00,0.00,984.69,25000.00,490.88,972.30,500.00,0.00
1110,981.10,25000.00,488.32,966.71,500.00,0.00,981.10,25000.00,488.32,966.71,500.00,0.00,981.10,25000.00,488.32,966.71,500.00,0.00
1120,981.10,25000.00,488.32,966.71,500.00,0.00,977.50,25000.00,485.77,961.11,500.00,0.00,984.69,25000.00,490.88,972.30,500.00,0.00
1130,977.50,25000.00,485.77,961.11,500.00,0.00,977.50,25000.00,485.77,961.11,500.00,0.00,977.50,25000.00,485.77,961.11,500.00,0.00
1140,979.30,25000.00,487.05,963.91,500.00,0.00,977.50,25000.00,485.77,961.11,500.00,0.00,981.10,25000.00,488.32,966.71,500.00,0.00
1150,977.50,25000.00,485.77,961.11,500.00,0.00,977.50,25000.00,485.77,961.11,500.00,0.00,977.50,25000.00,485.77,961.11,500.00,0.00
1160,981.10,25000.00,488.32,966.71,500.00,0.00,981.10,25000.00,488.32,966.71,500.00,0.00,981.10,25000.00,488.32,966.71,500.00,0.00
1170,980.20,25000.00,487.68,965.31,500.00,0.00,977.50,25000.00,485.77,961.11,500.00,0.00,981.10,25000.00,488.32,966.71,500.00,0.00
1180,981.10,25000.00,488.32,966.71,500.00,0.00,981.10,25000.00,488.32,966.71,500.00,0.00,981.10,25000.00,488.32,966.71,500.00,0.00
1190,981.10,25000.00,488.32,966.71,500.00,0.00,981.10,25000.00,488.32,966.71,500.00,0.00,981.10,25000.00,488.32,966.71,500.00,0.00
1200,981.10,25000.00,488.32,966.71,500.00,0.00,981.10,25000.00,488.32,966.71,500.00,0.00,981.10,25000.00,488.32,966.71,500.00,0.00
1210,977.50,25000.00,485.77,961.11,500.00,0.00,977.50,25000.00,485.77,961.11,500.00,0.00,977.50,25000.00,485.77,961.11,500.00,0.00
1220,973.91,25000.00,483.21,955.51,500.00,0.00,973.91,25000.00,483.21,955.51,500.00,0.00,973.91,25000.00,483.21,955.51,500.00,0.00
1230,970.31,25000.00,480.66,949.91,500.00,0.00,970.31,25000.00,480.66,949.91,500.00,0.00,970.31,25000.00,480.66,949.91,500.00,0.00
1240,970.31,25000.00,480.66,949.91,500.00,0.00,970.31,25000.00,480.66,949.91,500.00,0.00,970.31,25000.00,480.66,949.91,500.00,0.00
1250,970.31,25000.00,480.66,949.91,500.00,0.00,970.31,25000.00,480.66,949.91,500.00,0.00,970.31,25000.00,480.66,949.91,500.00,0.00
1260,970.31,25000.00,480.66,949.91,500.00,0.00,970.31,25000.00,480.66,949.91,500.00,0.00,970.31,25000.00,480.66,949.91,500.00,0.00
1270,970.31,25000.00,480.66,949.91,500.00,0.00,970.31,25000.00,480.66,949.91,500.00,0.00,970.31,25000.00,480.66,949.91,500.00,0.00
1280,970.31,25000.00,480.66,949.91,500.00,0.00,970.31,25000.00,480.66,949.91,500.00,0.00,970.31,25000.00,480.66,949.91,500.00,0.00
1290,970.31,25000.00,480.66,949.91,500.00,0.00,970.31,25000.00,480.66,949.91,500.00,0.00,970.31,25000.00,480.66,949.91,500.00,0.00
1300,968.52,25000.00,479.38,947.11,500.00,0.00,966.72,25000.00,478.11,944.31,500.00,0.00,970.31,25000.00,480.66,949.91,500.00,0.00
1310,970.31,25000.00,480.66,949.91,500.00,0.00,970.31,25000.00,480.66,949.91,500.00,0.00,970.31,25000.00,480.66,949.91,500.00,0.00
1320,966.72,25000.00,478.11,944.31,500.00,0.00,966.72,25000.00,478.11,944.31,500.00,0.00,966.72,25000.00,478.11,944.31,500.00,0.00
1330,970.31,25000.00,480.66,949.91,500.00,0.00,970.31,25000.00,480.66,949.91,500.00,0.00,970.31,25000.00,480.66,949.91,500.00,0.00
1340,970.31,25000.00,480.66,949.91,500.00,0.00,970.31,25000.00,480.66,949.91,500.00,0.00,970.31,25000.00,480.66,949.91,500.00,0.00
1350,970.31,25000.00,480.66,949.91,500.00,0.00,970.31,25000.00,480.66,949.91,500.00,0.00,970.31,25000.00,480.66,949.91,500.00,0.00
1360,968.52,25000.00,479.38,947.11,500.00,0.00,966.72,25000.00,478.11,944.31,500.00,0.00,970.31,25000.00,480.66,949.91,500.00,0.00
1370,966.72,25000.00,478.11,944.31,500.00,0.00,966.72,25000.00,478.11,944.31,500.00,0.00,966.72,25000.00,478.11,944.31,500.00,0.00
770,973.91,25000.00,483.21,955.51,500.00,0.00,973.91,25000.00,483.21,955.51,500.00,0.00,973.91,25000.00,483.21,955.51,500.00,0.00
780,974.81,25000.00,483.85,956.91,500.00,0.00,973.91,25000.00,483.21,955.51,500.00,0.00,977.50,25000.00,485.77,961.11,500.00,0.00
790,974.81,25000.00,483.85,956.91,500.00,0.00,973.91,25000.00,483.21,955.51,500.00,0.00,977.50,25000.00,485.77,961.11,500.00,0.00
800,974.81,25000.00,483.85,956.91,500.00,0.00,973.91,25000.00,483.21,955.51,500.00,0.00,977.50,25000.00,485.77,961.11,500.00,0.00
810,970.31,25000.00,480.66,949.91,500.00,0.00,970.31,25000.00,480.66,949.91,500.00,0.00,970.31,25000.00,480.66,949.91,500.00,0.00
820,970.31,25000.00,480.66,949.91,500.00,0.00,970.31,25000.00,480.66,949.91,500.00,0.00,970.31,25000.00,480.66,949.91,500.00,0.00
830,970.31,25000.00,480.66,949.91,500.00,0.00,970.31,25000.00,480.66,949.91,500.00,0.00,970.31,25000.00,480.66,949.91,500.00,0.00
840,973.01,25000.00,481.94,952.71,500.00,0.00,970.31,25000.00,480.66,949.91,500.00,0.00,973.91,25000.00,483.21,955.51,500.00,0.00
850,973.91,25000.00,483.21,955.51,500.00,0.00,973.91,25000.00,483.21,955.51,500.00,0.00,973.91,25000.00,483.21,955.51,500.00,0.00
860,973.91,25000.00,483.21,955.51,500.00,0.00,973.91,25000.00,483.21,955.51,500.00,0.00,973.91,25000.00,483.21,955.51,500.00,0.00
870,973.91,25000.00,483.21,955.51,500.00,0.00,973.91,25000.00,483.21,955.51,500.00,0.00,973.91,25000.00,483.21,955.51,500.00,0.00
880,973.91,25000.00,483.21,955.51,500.00,0.00,973.91,25000.00,483.21,955.51,500.00,0.00,973.91,25000.00,483.21,955.51,500.00,0.00
890,973.01,25000.00,481.94,952.71,500.00,0.00,970.31,25000.00,480.66,949.91,500.00,0.00,973.91,25000.00,483.21,955.51,500.00,0.00
900,973.91,25000.00,483.21,955.51,500.00,0.00,973.91,25000.00,483.21,955.51,500.00,0.00,973.91,25000.00,483.21,955.51,500.00,0.00
910,974.81,25000.00,483.85,956.91,500.00,0.00,973.91,25000.00,483.21,955.51,500.00,0.00,977.50,25000.00,485.77,961.11,500.00,0.00
920,977.50,25000.00,485.77,961.11,500.00,0.00,977.50,25000.00,485.77,961.11,500.00,0.00,977.50,25000.00,485.77,961.11,500.00,0.00
930,977.50,25000.00,485.77,961.11,500.00,0.00,977.50,25000.00,485.77,961.11,500.00,0.00,977.50,25000.00,485.77,961.11,500.00,0.00
940,976.60,25000.00,485.13,959.71,500.00,0.00,973.91,25000.00,483.21,955.51,500.00,0.00,977.50,25000.00,485.77,961.11,500.00,0.00
950,977.50,25000.00,485.77,961.11,500.00,0.00,977.50,25000.00,485.77,961.11,500.00,0.00,977.50,25000.00,485.77,961.11,500.00,0.00
960,977.50,25000.00,485.77,961.11,500.00,0.00,977.50,25000.00,485.77,961.11,500.00,0.00,977.50,25000.00,485.77,961.11,500.00,0.00
970,977.50,25000.00,485.77,961.11,500.00,0.00,977.50,25000.00,485.77,961.11,500.00,0.00,977.50,25000.00,485.77,961.11,500.00,0.00
980,977.50,25000.00,485.77,961.11,500.00,0.00,977.50,25000.00,485.77,961.11,500.00,0.00,977.50,25000.00,485.77,961.11,500.00,0.00
990,977.50,25000.00,485.77,961.11,500.00,0.00,977.50,25000.00,485.77,961.11,500.00,0.00,977.50,25000.00,485.77,961.11,500.00,0.00
1000,978.40,25000.00,486.41,962.51,500.00,0.00,977.50,25000.00,485.77,961.11,500.00,0.00,981.10,25000.00,488.32,966.71,500.00,0.00
1010,980.20,25000.00,487.68,965.31,500.00,0.00,977.50,25000.00,485.77,961.11,500.00,0.00,981.10,25000.00,488.32,966.71,500.00,0.00
1020,981.10,25000.00,488.32,966.71,500.00,0.00,981.10,25000.00,488.32,966.71,500.00,0.00,981.10,25000.00,488.32,966.71,500.00,0.00
1030,979.30,25000.00,487.05,963.91,500.00,0.00,977.50,25000.00,485.77,961.11,500.00,0.00,981.10,25000.00,488.32,966.71,500.00,0.00
1040,981.10,25000.00,488.32,966.71,500.00,0.00,981.10,25000.00,488.32,966.71,500.00,0.00,981.10,25000.00,488.32,966.71,500.00,0.00
440,963.12,25000.00,475.55,938.71,500.00,0.00,963.12,25000.00,475.55,938.71,500.00,0.00,963.12,25000.00,475.55,938.71,500.00,0.00
450,957.73,25000.00,471.72,930.32,500.00,0.00,955.94,25000.00,470.45,927.52,500.00,0.00,959.53,25000.00,473.00,933.11,500.00,0.00
460,960.43,25000.00,473.64,934.51,500.00,0.00,959.53,25000.00,473.00,933.11,500.00,0.00,963.12,25000.00,475.55,938.71,500.00,0.00
470,963.12,25000.00,475.55,938.71,500.00,0.00,963.12,25000.00,475.55,938.71,500.00,0.00,963.12,25000.00,475.55,938.71,500.00,0.00
480,966.72,25000.00,478.11,944.31,500.00,0.00,966.72,25000.00,478.11,944.31,500.00,0.00,966.72,25000.00,478.11,944.31,500.00,0.00
490,970.31,25000.00,480.66,949.91,500.00,0.00,970.31,25000.00,480.66,949.91,500.00,0.00,970.31,25000.00,480.66,949.91,500.00,0.00
500,970.31,25000.00,480.66,949.91,500.00,0.00,970.31,25000.00,480.66,949.91,500.00,0.00,970.31,25000.00,480.66,949.91,500.00,0.00
510,968.52,25000.00,479.38,948.51,500.00,0.00,966.72,25000.00,478.11,944.31,500.00,0.00,970.31,25000.00,480.66,949.91,500.00,0.00
520,969.41,25000.00,480.02,948.51,500.00,0.00,966.72,25000.00,478.11,944.31,500.00,0.00,970.31,25000.00,480.66,949.91,500.00,0.00
530,965.82,25000.00,477.47,942.91,500.00,0.00,963.12,25000.00,475.55,938.71,500.00,0.00,970.31,25000.00,480.66,949.91,500.00,0.00
540,968.52,25000.00,479.38,947.11,500.00,0.00,966.72,25000.00,478.11,944.31,500.00,0.00,970.31,25000.00,480.66,949.91,500.00,0.00
550,967.62,25000.00,478.75,945.71,500.00,0.00,966.72,25000.00,478.11,944.31,500.00,0.00,970.31,25000.00,480.66,949.91,500.00,0.00
560,967.62,25000.00,478.75,945.71,500.00,0.00,966.72,25000.00,478.11,944.31,500.00,0.00,970.31,25000.00,480.66,949.91,500.00,0.00
570,966.72,25000.00,478.11,944.31,500.00,0.00,966.72,25000.00,478.11,944.31,500.00,0.00,966.72,25000.00,478.11,944.31,500.00,0.00
580,968.52,25000.00,479.38,947.11,500.00,0.00,966.72,25000.00,478.11,944.31,500.00,0.00,970.31,25000.00,480.66,949.91,500.00,0.00
590,968.52,25000.00,478.75,945.71,500.00,0.00,966.72,25000.00,478.11,944.31,500.00,0.00,970.31,25000.00,480.66,949.91,500.00,0.00
600,967.62,25000.00,478.75,945.71,500.00,0.00,966.72,25000.00,478.11,944.31,500.00,0.00,970.31,25000.00,480.66,949.91,500.00,0.00
610,970.31,25000.00,480.66,949.91,500.00,0.00,970.31,25000.00,480.66,949.91,500.00,0.00,970.31,25000.00,480.66,949.91,500.00,0.00
620,970.31,25000.00,480.66,949.91,500.00,0.00,970.31,25000.00,480.66,949.91,500.00,0.00,970.31,25000.00,480.66,949.91,500.00,0.00
630,970.31,25000.00,480.66,949.91,500.00,0.00,970.31,25000.00,480.66,949.91,500.00,0.00,970.31,25000.00,480.66,949.91,500.00,0.00
640,970.31,25000.00,480.66,949.91,500.00,0.00,970.31,25000.00,480.66,949.91,500.00,0.00,970.31,25000.00,480.66,949.91,500.00,0.00
650,970.31,25000.00,480.66,949.91,500.00,0.00,970.31,25000.00,480.66,949.91,500.00,0.00,970.31,25000.00,480.66,949.91,500.00,0.00
660,970.31,25000.00,480.66,949.91,500.00,0.00,970.31,25000.00,480.66,949.91,500.00,0.00,970.31,25000.00,480.66,949.91,500.00,0.00
670,970.31,25000.00,480.66,949.91,500.00,0.00,970.31,25000.00,480.66,949.91,500.00,0.00,970.31,25000.00,480.66,949.91,500.00,0.00
680,970.31,25000.00,480.66,949.91,500.00,0.00,970.31,25000.00,480.66,949.91,500.00,0.00,970.31,25000.00,480.66,949.91,500.00,0.00
690,973.01,25000.00,482.58,954.11,500.00,0.00,970.31,25000.00,480.66,949.91,500.00,0.00,973.91,25000.00,483.21,955.51,500.00,0.00
700,973.01,25000.00,482.58,954.11,500.00,0.00,970.31,25000.00,480.66,949.91,500.00,0.00,973.91,25000.00,483.21,955.51,500.00,0.00
710,972.11,25000.00,481.30,952.71,500.00,0.00,970.31,25000.00,480.66,949.91,500.00,0.00,973.91,25000.00,483.21,955.51,500.00,0.00
720,966.72,25000.00,478.11,944.31,500.00,0.00,966.72,25000.00,478.11,944.31,500.00,0.00,966.72,25000.00,478.11,944.31,500.00,0.00
730,967.62,25000.00,478.75,945.71,500.00,0.00,966.72,25000.00,478.11,944.31,500.00,0.00,970.31,25000.00,480.66,949.91,500.00,0.00
740,969.41,25000.00,480.02,948.51,500.00,0.00,966.72,25000.00,478.11,944.31,500.00,0.00,970.31,25000.00,480.66,949.91,500.00,0.00
750,970.31,25000.00,480.66,949.91,500.00,0.00,970.31,25000.00,480.66,949.91,500.00,0.00,970.31,25000.00,480.66,949.91,500.00,0.00
760,973.01,25000.00,482.58,954.11,500.00,0.00,970.31,25000.00,480.66,949.91,500.00,0.00,973.91,25000.00,483.21,955.51,500.00,0.00
280,939.76,25000.00,458.95,902.32,500.00,0.00,934.37,25000.00,455.12,893.93,500.00,0.00,945.15,25000.00,462.79,910.72,500.00,0.00
290,971.21,25000.00,481.30,951.31,500.00,0.00,970.31,25000.00,480.66,949.91,500.00,0.00,973.91,25000.00,483.21,955.51,500.00,0.00
300,984.69,25000.00,490.88,972.30,500.00,0.00,984.69,25000.00,490.88,972.30,500.00,0.00,984.69,25000.00,490.88,972.30,500.00,0.00
310,988.28,25000.00,493.43,977.90,500.00,0.00,984.69,25000.00,490.88,972.30,500.00,0.00,991.88,25000.00,495.98,983.50,500.00,0.00
320,837.33,25000.00,386.17,742.77,476.08,0.00,826.55,25000.00,378.51,725.97,473.17,0.00,862.49,25000.00,404.05,781.96,482.87,0.00
330,963.12,25000.00,475.55,938.71,500.00,0.00,959.53,25000.00,473.00,933.11,500.00,0.00,966.72,25000.00,478.11,944.31,500.00,0.00
340,970.31,25000.00,480.66,949.91,500.00,0.00,970.31,25000.00,480.66,949.91,500.00,0.00,970.31,25000.00,480.66,949.91,500.00,0.00
350,973.91,25000.00,483.21,955.51,500.00,0.00,973.91,25000.00,483.21,955.51,500.00,0.00,973.91,25000.00,483.21,955.51,500.00,0.00
360,973.91,25000.00,483.21,955.51,500.00,0.00,973.91,25000.00,483.21,955.51,500.00,0.00,973.91,25000.00,483.21,955.51,500.00,0.00
370,973.91,25000.00,483.21,955.51,500.00,0.00,973.91,25000.00,483.21,955.51,500.00,0.00,973.91,25000.00,483.21,955.51,500.00,0.00
380,974.81,25000.00,483.85,956.91,500.00,0.00,973.91,25000.00,483.21,955.51,500.00,0.00,977.50,25000.00,485.77,961.11,500.00,0.00
390,823.85,25000.00,376.60,721.77,472.44,0.00,747.48,25000.00,322.33,602.80,451.82,0.00,909.21,25000.00,437.25,854.74,495.49,0.00
400,974.81,25000.00,483.85,956.91,500.00,0.00,973.91,25000.00,483.21,955.51,500.00,0.00,977.50,25000.00,485.77,961.11,500.00,0.00
410,937.07,25000.00,457.04,898.12,492.56,0.00,815.77,25000.00,370.85,709.18,470.26,0.00,991.88,25000.00,495.98,983.50,500.00,0.00
420,838.23,25000.00,386.81,744.17,476.32,0.00,704.35,25000.00,291.69,535.62,440.17,0.00,894.84,25000.00,427.03,832.34,491.61,0.00
430,959.53,25000.00,474.28,935.91,500.00,0.00,952.34,25000.00,470.45,927.52,500.00,0.00,963.12,25000.00,475.55,938.71,500.00,0.00
